    3.91061e-06    0.00121229
    0.000459392    0.17954
    0.000462429    0.180674
    0.00046046    0.1796
    0.00046241    0.180394
    0.000240846    0.0909727
    0.000241425    0.0912323
    0.000240493    0.0909596
    0.000241695    0.0914437
    0.000206211    0.0695645
    0.000207572    0.0698686
    0.000150843    0.0510971
    0.000150326    0.0505492
    0.000487051    0.170096
    0.000489554    0.170555
    0.00049236    0.171677
    0.000495235    0.172315
    0.000360314    0.125656
    0.000358936    0.125112
    0.000357082    0.124283
    0.000355498    0.123791
    0.000220297    0.0777925
    0.000172898    0.0609943
    0.000462502    0.163613
    0.000313598    0.111838
    0.000324383    0.116598
    0.000297364    0.107164
    0.000915944    0.32963
    0.000920957    0.331226
    0.000670142    0.241778
    0.000665568    0.240473
    0.000351537    0.12672
    0.000355386    0.127988
    0.000353761    0.127011
    0.000279675    0.100653
    0.00027655    0.0994654
    0.000277929    0.0999355
    0.000633736    0.229419
    0.000636981    0.230218
    0.000463187    0.167622
    0.000460537    0.167011
    0.000971601    0.354477
    0.000976644    0.35717
    0.000712358    0.259189
    0.000708713    0.258443
    0.000682538    0.253051
    0.00053722    0.198562
    0.000714449    0.265437
    0.000562506    0.209366
    0.00106386    0.398366
    0.000988842    0.371568
    0.0010676    0.401769
    0.00098438    0.369821
    0.00194066    0.732381
    0.000987632    0.371549
    0.00099624    0.375378
    0.000992445    0.373309
    0.000784013    0.295226
    0.000775662    0.292004
    0.000780087    0.29396
    0.00146853    0.553935
    0.0012418    0.467838
    0.00145905    0.550201
    0.00124658    0.470405
    0.00212095    0.802135
    0.00214083    0.808011
    0.00213143    0.805469
    0.00120068    0.454342
    0.00295928    1.13473
    0.00298042    1.14033
    0.00299147    1.14874
    0.00300869    1.15371
    0.00219189    0.839537
    0.0021763    0.836715
    0.00217031    0.831314
    0.00215852    0.825594
    0.00138309    0.530879
    0.00117019    0.449383
    0.0013797    0.528907
    0.00117691    0.451181
    0.00149767    0.574833
    0.00151092    0.58009
    0.00150373    0.577916
    0.00118711    0.456585
    0.00117752    0.451618
    0.00118138    0.454495
    0.00243715    0.937268
    0.00244644    0.942287
    0.0024587    0.946497
    0.00247085    0.951774
    0.00180011    0.694552
    0.00179288    0.691018
    0.00178541    0.686152
    0.00177649    0.682026
    0.00170083    0.655779
    0.00170789    0.659636
    0.00171696    0.661938
    0.00172378    0.666188
    0.00125849    0.485755
    0.00124897    0.483113
    0.00124414    0.480392
    0.00123999    0.478366
    0.00251723    0.972633
    0.00254536    0.980878
    0.00253209    0.978745
    0.00200043    0.773277
    0.00198035    0.765259
    0.00199    0.769436
    0.000888833    0.34412
    0.000895684    0.345707
    0.000898676    0.347863
    0.000903521    0.349441
    0.00065884    0.25496
    0.000655132    0.253346
    0.000652285    0.252235
    0.000649213    0.250834
    0.00273407    1.0578
    0.00274041    1.06339
    0.00275821    1.06834
    0.00277092    1.07305
    0.00201972    0.782548
    0.00201153    0.778303
    0.00200107    0.774343
    0.00199011    0.771604
    0.00189158    0.735193
    0.00148835    0.578738
    0.000326618    0.127153
    0.000615741    0.239675
    0.00346573    1.35708
    0.00124635    0.490257
    0.000980456    0.385656
    0.00248326    0.977556
    0.0020983    0.827593
    0.00246808    0.972383
    0.00210502    0.829223
    0.00130288    0.514227
    0.00102627    0.404906
    0.00305351    1.20344
    0.00284128    1.12239
    0.00306648    1.21223
    0.00282865    1.1169
    0.00136529    0.53954
    0.00107212    0.424247
    0.000627421    0.248602
    0.000633602    0.251548
    0.00063039    0.249824
    0.00142922    0.56659
    0.00112258    0.445577
    0.00515167    2.04965
    0.00474238    1.89487
    0.00511118    2.0424
    0.00476937    1.90279
    0.00477702    1.90372
    0.00482192    1.92355
    0.00479262    1.91357
    0.00379379    1.51405
    0.0037548    1.49873
    0.00377167    1.50743
    0.00178246    0.715169
    0.00179172    0.719107
    0.00179906    0.722472
    0.00141575    0.56768
    0.00140679    0.564876
    0.00140225    0.562332
    0.00373011    1.4872
    0.0034337    1.37141
    0.00371005    1.48024
    0.00345112    1.37802
    0.0042494    1.71563
    0.00427752    1.72747
    0.00311188    1.25886
    0.00309552    1.2505
    0.00288118    1.16643
    0.00265352    1.07247
    0.00286394    1.15906
    0.00266959    1.07966
    0.000930037    0.376465
    0.0022223    0.900677
    0.00223628    0.906137
    0.00162758    0.661193
    0.00162185    0.656037
    0.00464979    1.88818
    0.00467559    1.89197
    0.00340785    1.38449
    0.00338459    1.3754
    0.00297187    1.20535
    0.00300128    1.21929
    0.00298094    1.21388
    0.00463252    1.87811
    0.00465132    1.89031
    0.00467233    1.89897
    0.00470125    1.90848
    0.00341977    1.39145
    0.00340624    1.38378
    0.00338704    1.37631
    0.0033711    1.36923
    0.00721746    2.93491
    0.00727976    2.96838
    0.00103686    0.422331
    0.00469781    1.9114
    0.00369283    1.50462
    0.00453277    1.84075
    0.00383124    1.55699
    0.00450514    1.83191
    0.00384441    1.56171
    0.0076387    3.11699
    0.00767375    3.12797
    0.00559504    2.27904
    0.00555557    2.26928
    0.00326998    1.33364
    0.00780312    3.18795
    0.00784923    3.20587
    0.0057216    2.336
    0.00569516    2.32373
    0.0047053    1.92348
    0.00431045    1.76394
    0.00567112    2.31359
    0.00572406    2.33893
    0.00568693    2.32856
    0.00256987    1.04986
    0.00201945    0.825482
    0.00510636    2.09104
    0.00515693    2.10882
    0.00513388    2.1005
    0.00405695    1.65978
    0.00401721    1.64207
    0.00403531    1.65172
    0.00807556    3.30296
    0.00267331    1.09564
    0.00269792    1.10613
    0.00268596    1.10212
    0.00212264    0.869156
    0.00210233    0.861795
    0.00210887    0.864445
    0.00291234    1.19485
    0.00292843    1.20169
    0.00212789    0.875585
    0.002121    0.871228
    0.00375429    1.54579
    0.00331016    1.36917
    0.00332204    1.37665
    0.00334503    1.38313
    0.0033594    1.38809
    0.00245065    1.01412
    0.00243731    1.00873
    0.0024244    1.00434
    0.00241247    0.999547
    0.00618616    2.56381
    0.00523093    2.16938
    0.00616522    2.55533
    0.00524857    2.17649
    0.00723454    3.00744
    0.00727358    3.03092
    0.00730319    3.04373
    0.00734406    3.05399
    0.00535371    2.22682
    0.00532044    2.22072
    0.0052991    2.20458
    0.0052702    2.19722
    0.00350877    1.46021
    0.00276147    1.14759
    0.00484812    2.05102
    0.00486269    2.06327
    0.00354614    1.50492
    0.00353274    1.49455
    0.00902487    3.82046
    0.00762132    3.22366
    0.00910975    3.85981
    0.00775882    3.29251
    0.0108291    4.6025
    0.0103575    4.39691
    0.0104081    4.41415
    0.00757544    3.2232
    0.00754099    3.20599
    0.00999264    4.2546
    0.00788043    3.34295
    0.00234681    1.00068
    0.00269613    1.15875
    0.00272109    1.17054
    0.00271092    1.1629
    0.0084079    3.62339
    0.00850439    3.66631
    0.00845018    3.63711
    0.0073411    3.18153
    0.00737841    3.20006
    0.00537462    2.33338
    0.0053482    2.32111
    0.00321079    1.39337
    0.00999181    4.35408
    0.0174054    7.58415
    0.0160297    6.98843
    0.0173147    7.55023
    0.0161438    7.03258
    0.0103296    4.50589
    0.0109788    4.80385
    0.0101125    4.41633
    0.0109295    4.77873
    0.0101728    4.45017
    0.00369692    1.61669
    0.0034052    1.48912
    0.00820602    3.59188
    0.0064532    2.82452
    0.0115654    5.07465
    0.0106703    4.6733
    0.0115251    5.04985
    0.010727    4.69989
    0.0178688    7.86438
    0.013932    6.12973
    0.018037    7.97288
    0.0141951    6.25649
    0.0180468    7.94382
    0.0143497    6.31914
    0.00463086    2.0564
    0.0113717    5.0904
    0.00960238    4.31158
    0.0116309    5.22645
    0.00992873    4.46384
    0.0263943    11.8323
    0.0266336    11.946
    0.0265108    11.9013
    0.00569636    2.57279
    0.00575632    2.59389
    0.00572399    2.58453
    0.00579337    2.62037
    0.0185076    8.3993
    0.0317035    14.4026
    0.0200415    9.10243
    0.018478    8.40493
    0.019924    9.08079
    0.0185664    8.44543
    0.0353543    16.2939
    0.0355265    16.3739
    0.0357595    16.4643
    0.0359297    16.5395
    0.0261492    12.0568
    0.0260419    11.9781
    0.0258837    11.9454
    0.0257911    11.8578
    0.0229392    10.5624
    0.0231434    10.6771
    0.0230237    10.615
    0.0229428    10.5897
    0.0230724    10.6493
    0.0231921    10.6784
    0.019944    9.28058
    0.0155268    7.22771
    0.020142    9.42251
    0.0158697    7.38653
    0.0203658    9.52324
    0.0162116    7.55654
    0.0295011    13.8668
    0.0276414    13.1988
    0.0217613    10.4011
    0.0540946    26.7036
    0.0205542    10.2825
    0.0207634    10.3645
    0.0206635    10.3085
    0.0210599    10.5189
    0.0229772    11.562
    0.0576658    29.2188
    0.0417976    21.2186
    0.0576653    29.2394
    0.0422065    21.4423
    0.0908482    46.8221
    0.0835613    43.0767
    0.0917703    47.3499
    0.0854347    44.0658
    0.132463    71.2078
    0.138066    74.6534
    0.139478    75.5768
    0.138698    75.013
    0.0414428    22.1122
    0.096836    57.8127
    0.116978    71.6747
    0.107553    65.8463
    0.117743    72.1908
    0.109459    67.1714
    0.242517    183.101
    0.244977    185.215
    0.24493    185.885
gam000zer    0    0
