Set 1
0 -5 -52.5 0.474342
1 -3 -9.5 0.67082
2 -1 5.5 0.821584
3 1 16.5 0.948683
4 3 47.5 1.06066
5 5 122.5 1.1619
6 7 265.5 1.25499
7 9 500.5 1.34164
8 11 851.5 1.42302
9 13 1342.5 1.5




Set 2
0 -5 -52.5 0.15
1 -4.8 -46.256 0.212132
2 -4.6 -40.508 0.259808
3 -4.4 -35.232 0.3
4 -4.2 -30.404 0.33541
5 -4 -26 0.367423
6 -3.8 -21.996 0.396863
7 -3.6 -18.368 0.424264
8 -3.4 -15.092 0.45
9 -3.2 -12.144 0.474342
10 -3 -9.5 0.497494
11 -2.8 -7.136 0.519615
12 -2.6 -5.028 0.540833
13 -2.4 -3.152 0.561249
14 -2.2 -1.484 0.580948
15 -2 0 0.6
16 -1.8 1.324 0.618466
17 -1.6 2.512 0.636396
18 -1.4 3.588 0.653835
19 -1.2 4.576 0.67082
20 -1 5.5 0.687386
21 -0.8 6.384 0.703562
22 -0.6 7.252 0.719375
23 -0.4 8.128 0.734847
24 -0.2 9.036 0.75
25 0 10 0.764853
26 0.2 11.044 0.779423
27 0.4 12.192 0.793725
28 0.6 13.468 0.807775
29 0.8 14.896 0.821584
30 1 16.5 0.835165
31 1.2 18.304 0.848528
32 1.4 20.332 0.861684
33 1.6 22.608 0.874643
34 1.8 25.156 0.887412
35 2 28 0.9
36 2.2 31.164 0.912414
37 2.4 34.672 0.924662
38 2.6 38.548 0.93675
39 2.8 42.816 0.948683
40 3 47.5 0.960469
41 3.2 52.624 0.972111
42 3.4 58.212 0.983616
43 3.6 64.288 0.994987
44 3.8 70.876 1.00623
45 4 78 1.01735
46 4.2 85.684 1.02835
47 4.4 93.952 1.03923
48 4.6 102.828 1.05
49 4.8 112.336 1.06066
50 5 122.5 1.07121
51 5.2 133.344 1.08167
52 5.4 144.892 1.09202
53 5.6 157.168 1.10227
54 5.8 170.196 1.11243
55 6 184 1.1225
56 6.2 198.604 1.13248
57 6.4 214.032 1.14237
58 6.6 230.308 1.15217
59 6.8 247.456 1.1619
60 7 265.5 1.17154
61 7.2 284.464 1.1811
62 7.4 304.372 1.19059
63 7.6 325.248 1.2
64 7.8 347.116 1.20934
65 8 370 1.21861
66 8.2 393.924 1.2278
67 8.4 418.912 1.23693
68 8.6 444.988 1.24599
69 8.8 472.176 1.25499
70 9 500.5 1.26392
71 9.2 529.984 1.27279
72 9.4 560.652 1.2816
73 9.6 592.528 1.29035
74 9.8 625.636 1.29904
75 10 660 1.30767
76 10.2 695.644 1.31624
77 10.4 732.592 1.32476
78 10.6 770.868 1.33323
79 10.8 810.496 1.34164
80 11 851.5 1.35
81 11.2 893.904 1.35831
82 11.4 937.732 1.36657
83 11.6 983.008 1.37477
84 11.8 1029.76 1.38293
85 12 1078 1.39104
86 12.2 1127.76 1.39911
87 12.4 1179.07 1.40712
88 12.6 1231.95 1.4151
89 12.8 1286.42 1.42302
90 13 1342.5 1.43091
91 13.2 1400.22 1.43875
92 13.4 1459.61 1.44655
93 13.6 1520.69 1.4543
94 13.8 1583.48 1.46202
95 14 1648 1.46969
96 14.2 1714.28 1.47733
97 14.4 1782.35 1.48492
98 14.6 1852.23 1.49248
99 14.8 1923.94 1.5




Set 3
0 -5 -52.5 0.0474342
1 -4.98 -51.8526 0.067082
2 -4.96 -51.2104 0.0821584
3 -4.94 -50.5733 0.0948683
4 -4.92 -49.9413 0.106066
5 -4.9 -49.3145 0.11619
6 -4.88 -48.6927 0.125499
7 -4.86 -48.076 0.134164
8 -4.84 -47.4644 0.142302
9 -4.82 -46.8577 0.15
10 -4.8 -46.256 0.157321
11 -4.78 -45.6593 0.164317
12 -4.76 -45.0675 0.171026
13 -4.74 -44.4806 0.177482
14 -4.72 -43.8986 0.183712
15 -4.7 -43.3215 0.189737
16 -4.68 -42.7492 0.195576
17 -4.66 -42.1817 0.201246
18 -4.64 -41.6191 0.206761
19 -4.62 -41.0612 0.212132
20 -4.6 -40.508 0.217371
21 -4.58 -39.9596 0.222486
22 -4.56 -39.4158 0.227486
23 -4.54 -38.8767 0.232379
24 -4.52 -38.3423 0.237171
25 -4.5 -37.8125 0.241868
26 -4.48 -37.2873 0.246475
27 -4.46 -36.7667 0.250998
28 -4.44 -36.2506 0.255441
29 -4.42 -35.739 0.259808
30 -4.4 -35.232 0.264102
31 -4.38 -34.7294 0.268328
32 -4.36 -34.2313 0.272489
33 -4.34 -33.7377 0.276586
34 -4.32 -33.2484 0.280624
35 -4.3 -32.7635 0.284605
36 -4.28 -32.283 0.288531
37 -4.26 -31.8068 0.292404
38 -4.24 -31.3349 0.296226
39 -4.22 -30.8673 0.3
40 -4.2 -30.404 0.303727
41 -4.18 -29.9449 0.307409
42 -4.16 -29.49 0.311047
43 -4.14 -29.0394 0.314643
44 -4.12 -28.5929 0.318198
45 -4.1 -28.1505 0.321714
46 -4.08 -27.7123 0.325192
47 -4.06 -27.2781 0.328634
48 -4.04 -26.848 0.332039
49 -4.02 -26.422 0.33541
50 -4 -26 0.338748
51 -3.98 -25.582 0.342053
52 -3.96 -25.168 0.345326
53 -3.94 -24.7579 0.348569
54 -3.92 -24.3517 0.351781
55 -3.9 -23.9495 0.354965
56 -3.88 -23.5511 0.35812
57 -3.86 -23.1566 0.361248
58 -3.84 -22.766 0.364349
59 -3.82 -22.3791 0.367423
60 -3.8 -21.996 0.370473
61 -3.78 -21.6167 0.373497
62 -3.76 -21.2411 0.376497
63 -3.74 -20.8692 0.379473
64 -3.72 -20.501 0.382426
65 -3.7 -20.1365 0.385357
66 -3.68 -19.7756 0.388265
67 -3.66 -19.4183 0.391152
68 -3.64 -19.0647 0.394018
69 -3.62 -18.7146 0.396863
70 -3.6 -18.368 0.399687
71 -3.58 -18.025 0.402492
72 -3.56 -17.6854 0.405278
73 -3.54 -17.3493 0.408044
74 -3.52 -17.0167 0.410792
75 -3.5 -16.6875 0.413521
76 -3.48 -16.3617 0.416233
77 -3.46 -16.0393 0.418927
78 -3.44 -15.7202 0.421604
79 -3.42 -15.4044 0.424264
80 -3.4 -15.092 0.426907
81 -3.38 -14.7828 0.429535
82 -3.36 -14.4769 0.432146
83 -3.34 -14.1743 0.434741
84 -3.32 -13.8748 0.437321
85 -3.3 -13.5785 0.439886
86 -3.28 -13.2854 0.442436
87 -3.26 -12.9954 0.444972
88 -3.24 -12.7085 0.447493
89 -3.22 -12.4247 0.45
90 -3.2 -12.144 0.452493
91 -3.18 -11.8663 0.454973
92 -3.16 -11.5916 0.457439
93 -3.14 -11.32 0.459891
94 -3.12 -11.0513 0.462331
95 -3.1 -10.7855 0.464758
96 -3.08 -10.5227 0.467172
97 -3.06 -10.2627 0.469574
98 -3.04 -10.0056 0.471964
99 -3.02 -9.7514 0.474342
100 -3 -9.5 0.476707
101 -2.98 -9.2514 0.479062
102 -2.96 -9.00557 0.481404
103 -2.94 -8.76249 0.483735
104 -2.92 -8.52214 0.486056
105 -2.9 -8.2845 0.488365
106 -2.88 -8.04954 0.490663
107 -2.86 -7.81723 0.49295
108 -2.84 -7.58755 0.495227
109 -2.82 -7.36048 0.497494
110 -2.8 -7.136 0.49975
111 -2.78 -6.91408 0.501996
112 -2.76 -6.69469 0.504232
113 -2.74 -6.47781 0.506458
114 -2.72 -6.26342 0.508675
115 -2.7 -6.0515 0.510882
116 -2.68 -5.84202 0.513079
117 -2.66 -5.63495 0.515267
118 -2.64 -5.43027 0.517446
119 -2.62 -5.22796 0.519615
120 -2.6 -5.028 0.521776
121 -2.58 -4.83036 0.523927
122 -2.56 -4.63501 0.52607
123 -2.54 -4.44193 0.528205
124 -2.52 -4.2511 0.53033
125 -2.5 -4.0625 0.532447
126 -2.48 -3.8761 0.534556
127 -2.46 -3.69187 0.536656
128 -2.44 -3.50979 0.538749
129 -2.42 -3.32984 0.540833
130 -2.4 -3.152 0.542909
131 -2.38 -2.97624 0.544977
132 -2.36 -2.80253 0.547037
133 -2.34 -2.63085 0.54909
134 -2.32 -2.46118 0.551135
135 -2.3 -2.2935 0.553173
136 -2.28 -2.12778 0.555203
137 -2.26 -1.96399 0.557225
138 -2.24 -1.80211 0.559241
139 -2.22 -1.64212 0.561249
140 -2.2 -1.484 0.56325
141 -2.18 -1.32772 0.565243
142 -2.16 -1.17325 0.56723
143 -2.14 -1.02057 0.56921
144 -2.12 -0.869664 0.571183
145 -2.1 -0.7205 0.573149
146 -2.08 -0.573056 0.575109
147 -2.06 -0.427308 0.577062
148 -2.04 -0.283232 0.579008
149 -2.02 -0.140804 0.580948
150 -2 0 0.582881
151 -1.98 0.139204 0.584808
152 -1.96 0.276832 0.586728
153 -1.94 0.412908 0.588643
154 -1.92 0.547456 0.590551
155 -1.9 0.6805 0.592453
156 -1.88 0.812064 0.594348
157 -1.86 0.942172 0.596238
158 -1.84 1.07085 0.598122
159 -1.82 1.19812 0.6
160 -1.8 1.324 0.601872
161 -1.78 1.44852 0.603738
162 -1.76 1.57171 0.605599
163 -1.74 1.69359 0.607454
164 -1.72 1.81418 0.609303
165 -1.7 1.9335 0.611146
166 -1.68 2.05158 0.612985
167 -1.66 2.16845 0.614817
168 -1.64 2.28413 0.616644
169 -1.62 2.39864 0.618466
170 -1.6 2.512 0.620282
171 -1.58 2.62424 0.622093
172 -1.56 2.73539 0.623899
173 -1.54 2.84547 0.6257
174 -1.52 2.9545 0.627495
175 -1.5 3.0625 0.629285
176 -1.48 3.1695 0.631071
177 -1.46 3.27553 0.632851
178 -1.44 3.38061 0.634626
179 -1.42 3.48476 0.636396
180 -1.4 3.588 0.638161
181 -1.38 3.69036 0.639922
182 -1.36 3.79187 0.641677
183 -1.34 3.89255 0.643428
184 -1.32 3.99242 0.645174
185 -1.3 4.0915 0.646916
186 -1.28 4.18982 0.648652
187 -1.26 4.28741 0.650385
188 -1.24 4.38429 0.652112
189 -1.22 4.48048 0.653835
190 -1.2 4.576 0.655553
191 -1.18 4.67088 0.657267
192 -1.16 4.76515 0.658976
193 -1.14 4.85883 0.660681
194 -1.12 4.95194 0.662382
195 -1.1 5.0445 0.664078
196 -1.08 5.13654 0.66577
197 -1.06 5.22809 0.667458
198 -1.04 5.31917 0.669141
199 -1.02 5.4098 0.67082
200 -1 5.5 0.672495
201 -0.98 5.5898 0.674166
202 -0.96 5.67923 0.675833
203 -0.94 5.76831 0.677495
204 -0.92 5.85706 0.679154
205 -0.9 5.9455 0.680808
206 -0.88 6.03366 0.682459
207 -0.86 6.12157 0.684105
208 -0.84 6.20925 0.685748
209 -0.82 6.29672 0.687386
210 -0.8 6.384 0.689021
211 -0.78 6.47112 0.690652
212 -0.76 6.55811 0.692279
213 -0.74 6.64499 0.693902
214 -0.72 6.73178 0.695521
215 -0.7 6.8185 0.697137
216 -0.68 6.90518 0.698749
217 -0.66 6.99185 0.700357
218 -0.64 7.07853 0.701962
219 -0.62 7.16524 0.703562
220 -0.6 7.252 0.70516
221 -0.58 7.33884 0.706753
222 -0.56 7.42579 0.708343
223 -0.54 7.51287 0.70993
224 -0.52 7.6001 0.711512
225 -0.5 7.6875 0.713092
226 -0.48 7.7751 0.714668
227 -0.46 7.86293 0.71624
228 -0.44 7.95101 0.717809
229 -0.42 8.03936 0.719375
230 -0.4 8.128 0.720937
231 -0.38 8.21696 0.722496
232 -0.36 8.30627 0.724051
233 -0.34 8.39595 0.725603
234 -0.32 8.48602 0.727152
235 -0.3 8.5765 0.728697
236 -0.28 8.66742 0.73024
237 -0.26 8.75881 0.731779
238 -0.24 8.85069 0.733314
239 -0.22 8.94308 0.734847
240 -0.2 9.036 0.736376
241 -0.18 9.12948 0.737902
242 -0.16 9.22355 0.739425
243 -0.14 9.31823 0.740945
244 -0.12 9.41354 0.742462
245 -0.1 9.5095 0.743976
246 -0.08 9.60614 0.745486
247 -0.06 9.70349 0.746994
248 -0.04 9.80157 0.748498
249 -0.02 9.9004 0.75
250 0 10 0.751499
251 0.02 10.1004 0.752994
252 0.04 10.2016 0.754487
253 0.06 10.3037 0.755976
254 0.08 10.4067 0.757463
255 0.1 10.5105 0.758947
256 0.12 10.6153 0.760428
257 0.14 10.721 0.761906
258 0.16 10.8276 0.763381
259 0.18 10.9353 0.764853
260 0.2 11.044 0.766322
261 0.22 11.1537 0.767789
262 0.24 11.2645 0.769253
263 0.26 11.3764 0.770714
264 0.28 11.4894 0.772172
265 0.3 11.6035 0.773628
266 0.32 11.7188 0.775081
267 0.34 11.8353 0.776531
268 0.36 11.9529 0.777978
269 0.38 12.0718 0.779423
270 0.4 12.192 0.780865
271 0.42 12.3134 0.782304
272 0.44 12.4362 0.783741
273 0.46 12.5603 0.785175
274 0.48 12.6857 0.786607
275 0.5 12.8125 0.788036
276 0.52 12.9407 0.789462
277 0.54 13.0703 0.790886
278 0.56 13.2014 0.792307
279 0.58 13.334 0.793725
280 0.6 13.468 0.795141
281 0.62 13.6036 0.796555
282 0.64 13.7407 0.797966
283 0.66 13.8793 0.799375
284 0.68 14.0196 0.800781
285 0.7 14.1615 0.802185
286 0.72 14.305 0.803586
287 0.74 14.4502 0.804984
288 0.76 14.5971 0.806381
289 0.78 14.7457 0.807775
290 0.8 14.896 0.809166
291 0.82 15.0481 0.810555
292 0.84 15.202 0.811942
293 0.86 15.3576 0.813327
294 0.88 15.5151 0.814709
295 0.9 15.6745 0.816088
296 0.92 15.8357 0.817466
297 0.94 15.9989 0.818841
298 0.96 16.164 0.820213
299 0.98 16.331 0.821584
300 1 16.5 0.822952
301 1.02 16.671 0.824318
302 1.04 16.844 0.825682
303 1.06 17.0191 0.827043
304 1.08 17.1963 0.828402
305 1.1 17.3755 0.829759
306 1.12 17.5569 0.831114
307 1.14 17.7404 0.832466
308 1.16 17.926 0.833817
309 1.18 18.1139 0.835165
310 1.2 18.304 0.836511
311 1.22 18.4963 0.837854
312 1.24 18.6909 0.839196
313 1.26 18.8878 0.840536
314 1.28 19.087 0.841873
315 1.3 19.2885 0.843208
316 1.32 19.4924 0.844541
317 1.34 19.6987 0.845872
318 1.36 19.9073 0.847201
319 1.38 20.1184 0.848528
320 1.4 20.332 0.849853
321 1.42 20.548 0.851176
322 1.44 20.7666 0.852496
323 1.46 20.9877 0.853815
324 1.48 21.2113 0.855132
325 1.5 21.4375 0.856446
326 1.52 21.6663 0.857759
327 1.54 21.8977 0.859069
328 1.56 22.1318 0.860378
329 1.58 22.3686 0.861684
330 1.6 22.608 0.862989
331 1.62 22.8502 0.864292
332 1.64 23.0951 0.865592
333 1.66 23.3427 0.866891
334 1.68 23.5932 0.868188
335 1.7 23.8465 0.869483
336 1.72 24.1026 0.870776
337 1.74 24.3616 0.872067
338 1.76 24.6235 0.873356
339 1.78 24.8883 0.874643
340 1.8 25.156 0.875928
341 1.82 25.4267 0.877211
342 1.84 25.7004 0.878493
343 1.86 25.977 0.879773
344 1.88 26.2567 0.881051
345 1.9 26.5395 0.882326
346 1.92 26.8253 0.883601
347 1.94 27.1143 0.884873
348 1.96 27.4064 0.886143
349 1.98 27.7016 0.887412
350 2 28 0.888679
351 2.02 28.3016 0.889944
352 2.04 28.6064 0.891207
353 2.06 28.9145 0.892468
354 2.08 29.2259 0.893728
355 2.1 29.5405 0.894986
356 2.12 29.8585 0.896242
357 2.14 30.1798 0.897497
358 2.16 30.5044 0.898749
359 2.18 30.8325 0.9
360 2.2 31.164 0.901249
361 2.22 31.4989 0.902497
362 2.24 31.8373 0.903742
363 2.26 32.1792 0.904986
364 2.28 32.5246 0.906228
365 2.3 32.8735 0.907469
366 2.32 33.226 0.908708
367 2.34 33.5821 0.909945
368 2.36 33.9417 0.911181
369 2.38 34.305 0.912414
370 2.4 34.672 0.913647
371 2.42 35.0426 0.914877
372 2.44 35.417 0.916106
373 2.46 35.7951 0.917333
374 2.48 36.1769 0.918559
375 2.5 36.5625 0.919783
376 2.52 36.9519 0.921005
377 2.54 37.3451 0.922226
378 2.56 37.7422 0.923445
379 2.58 38.1432 0.924662
380 2.6 38.548 0.925878
381 2.62 38.9568 0.927092
382 2.64 39.3695 0.928305
383 2.66 39.7861 0.929516
384 2.68 40.2068 0.930726
385 2.7 40.6315 0.931933
386 2.72 41.0602 0.93314
387 2.74 41.493 0.934345
388 2.76 41.9299 0.935548
389 2.78 42.3709 0.93675
390 2.8 42.816 0.93795
391 2.82 43.2653 0.939149
392 2.84 43.7188 0.940346
393 2.86 44.1764 0.941541
394 2.88 44.6383 0.942735
395 2.9 45.1045 0.943928
396 2.92 45.5749 0.945119
397 2.94 46.0497 0.946309
398 2.96 46.5288 0.947497
399 2.98 47.0122 0.948683
400 3 47.5 0.949868
401 3.02 47.9922 0.951052
402 3.04 48.4888 0.952234
403 3.06 48.9899 0.953415
404 3.08 49.4955 0.954594
405 3.1 50.0055 0.955772
406 3.12 50.5201 0.956948
407 3.14 51.0392 0.958123
408 3.16 51.5628 0.959297
409 3.18 52.0911 0.960469
410 3.2 52.624 0.961639
411 3.22 53.1615 0.962808
412 3.24 53.7037 0.963976
413 3.26 54.2506 0.965142
414 3.28 54.8022 0.966307
415 3.3 55.3585 0.967471
416 3.32 55.9196 0.968633
417 3.34 56.4855 0.969794
418 3.36 57.0561 0.970953
419 3.38 57.6316 0.972111
420 3.4 58.212 0.973268
421 3.42 58.7972 0.974423
422 3.44 59.3874 0.975577
423 3.46 59.9825 0.976729
424 3.48 60.5825 0.97788
425 3.5 61.1875 0.97903
426 3.52 61.7975 0.980179
427 3.54 62.4125 0.981326
428 3.56 63.0326 0.982471
429 3.58 63.6578 0.983616
430 3.6 64.288 0.984759
431 3.62 64.9234 0.985901
432 3.64 65.5639 0.987041
433 3.66 66.2095 0.98818
434 3.68 66.8604 0.989318
435 3.7 67.5165 0.990454
436 3.72 68.1778 0.99159
437 3.74 68.8444 0.992724
438 3.76 69.5163 0.993856
439 3.78 70.1935 0.994987
440 3.8 70.876 0.996117
441 3.82 71.5639 0.997246
442 3.84 72.2572 0.998374
443 3.86 72.9558 0.9995
444 3.88 73.6599 1.00062
445 3.9 74.3695 1.00175
446 3.92 75.0845 1.00287
447 3.94 75.8051 1.00399
448 3.96 76.5312 1.00511
449 3.98 77.2628 1.00623
450 4 78 1.00735
451 4.02 78.7428 1.00846
452 4.04 79.4912 1.00958
453 4.06 80.2453 1.01069
454 4.08 81.0051 1.01181
455 4.1 81.7705 1.01292
456 4.12 82.5417 1.01403
457 4.14 83.3186 1.01514
458 4.16 84.1012 1.01624
459 4.18 84.8897 1.01735
460 4.2 85.684 1.01845
461 4.22 86.4841 1.01956
462 4.24 87.2901 1.02066
463 4.26 88.102 1.02176
464 4.28 88.9198 1.02286
465 4.3 89.7435 1.02396
466 4.32 90.5732 1.02506
467 4.34 91.4089 1.02616
468 4.36 92.2505 1.02725
469 4.38 93.0982 1.02835
470 4.4 93.952 1.02944
471 4.42 94.8118 1.03053
472 4.44 95.6778 1.03162
473 4.46 96.5499 1.03271
474 4.48 97.4281 1.0338
475 4.5 98.3125 1.03489
476 4.52 99.2031 1.03598
477 4.54 100.1 1.03706
478 4.56 101.003 1.03815
479 4.58 101.912 1.03923
480 4.6 102.828 1.04031
481 4.62 103.75 1.04139
482 4.64 104.678 1.04247
483 4.66 105.613 1.04355
484 4.68 106.554 1.04463
485 4.7 107.502 1.04571
486 4.72 108.455 1.04678
487 4.74 109.416 1.04785
488 4.76 110.383 1.04893
489 4.78 111.356 1.05
490 4.8 112.336 1.05107
491 4.82 113.322 1.05214
492 4.84 114.316 1.05321
493 4.86 115.315 1.05428
494 4.88 116.322 1.05534
495 4.9 117.335 1.05641
496 4.92 118.354 1.05747
497 4.94 119.38 1.05854
498 4.96 120.414 1.0596
499 4.98 121.453 1.06066
500 5 122.5 1.06172
501 5.02 123.553 1.06278
502 5.04 124.614 1.06384
503 5.06 125.681 1.06489
504 5.08 126.755 1.06595
505 5.1 127.835 1.06701
506 5.12 128.923 1.06806
507 5.14 130.018 1.06911
508 5.16 131.12 1.07016
509 5.18 132.228 1.07121
510 5.2 133.344 1.07226
511 5.22 134.467 1.07331
512 5.24 135.597 1.07436
513 5.26 136.733 1.07541
514 5.28 137.877 1.07645
515 5.3 139.029 1.0775
516 5.32 140.187 1.07854
517 5.34 141.352 1.07958
518 5.36 142.525 1.08062
519 5.38 143.705 1.08167
520 5.4 144.892 1.0827
521 5.42 146.086 1.08374
522 5.44 147.288 1.08478
523 5.46 148.497 1.08582
524 5.48 149.714 1.08685
525 5.5 150.938 1.08789
526 5.52 152.169 1.08892
527 5.54 153.407 1.08995
528 5.56 154.653 1.09099
529 5.58 155.907 1.09202
530 5.6 157.168 1.09305
531 5.62 158.437 1.09407
532 5.64 159.713 1.0951
533 5.66 160.996 1.09613
534 5.68 162.288 1.09716
535 5.7 163.587 1.09818
536 5.72 164.893 1.0992
537 5.74 166.207 1.10023
538 5.76 167.529 1.10125
539 5.78 168.859 1.10227
540 5.8 170.196 1.10329
541 5.82 171.541 1.10431
542 5.84 172.894 1.10533
543 5.86 174.255 1.10635
544 5.88 175.623 1.10736
545 5.9 177 1.10838
546 5.92 178.384 1.10939
547 5.94 179.776 1.11041
548 5.96 181.176 1.11142
549 5.98 182.584 1.11243
550 6 184 1.11344
551 6.02 185.424 1.11445
552 6.04 186.856 1.11546
553 6.06 188.296 1.11647
554 6.08 189.744 1.11747
555 6.1 191.2 1.11848
556 6.12 192.665 1.11949
557 6.14 194.137 1.12049
558 6.16 195.618 1.12149
559 6.18 197.107 1.1225
560 6.2 198.604 1.1235
561 6.22 200.109 1.1245
562 6.24 201.623 1.1255
563 6.26 203.145 1.1265
564 6.28 204.675 1.1275
565 6.3 206.214 1.12849
566 6.32 207.76 1.12949
567 6.34 209.316 1.13049
568 6.36 210.879 1.13148
569 6.38 212.451 1.13248
570 6.4 214.032 1.13347
571 6.42 215.621 1.13446
572 6.44 217.219 1.13545
573 6.46 218.825 1.13644
574 6.48 220.439 1.13743
575 6.5 222.062 1.13842
576 6.52 223.694 1.13941
577 6.54 225.335 1.14039
578 6.56 226.984 1.14138
579 6.58 228.642 1.14237
580 6.6 230.308 1.14335
581 6.62 231.983 1.14433
582 6.64 233.667 1.14532
583 6.66 235.36 1.1463
584 6.68 237.061 1.14728
585 6.7 238.772 1.14826
586 6.72 240.491 1.14924
587 6.74 242.219 1.15022
588 6.76 243.955 1.1512
589 6.78 245.701 1.15217
590 6.8 247.456 1.15315
591 6.82 249.22 1.15412
592 6.84 250.992 1.1551
593 6.86 252.774 1.15607
594 6.88 254.565 1.15704
595 6.9 256.365 1.15802
596 6.92 258.173 1.15899
597 6.94 259.991 1.15996
598 6.96 261.818 1.16093
599 6.98 263.655 1.1619
600 7 265.5 1.16286
601 7.02 267.355 1.16383
602 7.04 269.218 1.1648
603 7.06 271.092 1.16576
604 7.08 272.974 1.16673
605 7.1 274.865 1.16769
606 7.12 276.766 1.16865
607 7.14 278.677 1.16962
608 7.16 280.596 1.17058
609 7.18 282.526 1.17154
610 7.2 284.464 1.1725
611 7.22 286.412 1.17346
612 7.24 288.369 1.17441
613 7.26 290.336 1.17537
614 7.28 292.313 1.17633
615 7.3 294.299 1.17729
616 7.32 296.294 1.17824
617 7.34 298.299 1.17919
618 7.36 300.314 1.18015
619 7.38 302.338 1.1811
620 7.4 304.372 1.18205
621 7.42 306.416 1.183
622 7.44 308.469 1.18396
623 7.46 310.532 1.18491
624 7.48 312.605 1.18585
625 7.5 314.688 1.1868
626 7.52 316.78 1.18775
627 7.54 318.882 1.1887
628 7.56 320.994 1.18964
629 7.58 323.116 1.19059
630 7.6 325.248 1.19153
631 7.62 327.39 1.19248
632 7.64 329.541 1.19342
633 7.66 331.703 1.19436
634 7.68 333.875 1.1953
635 7.7 336.057 1.19624
636 7.72 338.248 1.19718
637 7.74 340.45 1.19812
638 7.76 342.662 1.19906
639 7.78 344.884 1.2
640 7.8 347.116 1.20094
641 7.82 349.358 1.20187
642 7.84 351.611 1.20281
643 7.86 353.873 1.20374
644 7.88 356.146 1.20468
645 7.9 358.43 1.20561
646 7.92 360.723 1.20654
647 7.94 363.027 1.20748
648 7.96 365.341 1.20841
649 7.98 367.665 1.20934
650 8 370 1.21027
651 8.02 372.345 1.2112
652 8.04 374.701 1.21213
653 8.06 377.067 1.21305
654 8.08 379.443 1.21398
655 8.1 381.83 1.21491
656 8.12 384.228 1.21583
657 8.14 386.636 1.21676
658 8.16 389.055 1.21768
659 8.18 391.484 1.21861
660 8.2 393.924 1.21953
661 8.22 396.375 1.22045
662 8.24 398.836 1.22137
663 8.26 401.308 1.22229
664 8.28 403.79 1.22321
665 8.3 406.284 1.22413
666 8.32 408.788 1.22505
667 8.34 411.302 1.22597
668 8.36 413.828 1.22689
669 8.38 416.365 1.2278
670 8.4 418.912 1.22872
671 8.42 421.47 1.22963
672 8.44 424.039 1.23055
673 8.46 426.619 1.23146
674 8.48 429.21 1.23238
675 8.5 431.812 1.23329
676 8.52 434.426 1.2342
677 8.54 437.05 1.23511
678 8.56 439.685 1.23602
679 8.58 442.331 1.23693
680 8.6 444.988 1.23784
681 8.62 447.656 1.23875
682 8.64 450.336 1.23966
683 8.66 453.027 1.24056
684 8.68 455.728 1.24147
685 8.7 458.442 1.24238
686 8.72 461.166 1.24328
687 8.74 463.901 1.24419
688 8.76 466.648 1.24509
689 8.78 469.406 1.24599
690 8.8 472.176 1.2469
691 8.82 474.957 1.2478
692 8.84 477.749 1.2487
693 8.86 480.553 1.2496
694 8.88 483.368 1.2505
695 8.9 486.195 1.2514
696 8.92 489.033 1.2523
697 8.94 491.882 1.2532
698 8.96 494.743 1.25409
699 8.98 497.616 1.25499
700 9 500.5 1.25589
701 9.02 503.396 1.25678
702 9.04 506.303 1.25768
703 9.06 509.222 1.25857
704 9.08 512.153 1.25946
705 9.1 515.095 1.26036
706 9.12 518.05 1.26125
707 9.14 521.016 1.26214
708 9.16 523.993 1.26303
709 9.18 526.983 1.26392
710 9.2 529.984 1.26481
711 9.22 532.997 1.2657
712 9.24 536.022 1.26659
713 9.26 539.059 1.26748
714 9.28 542.108 1.26837
715 9.3 545.169 1.26925
716 9.32 548.241 1.27014
717 9.34 551.326 1.27102
718 9.36 554.423 1.27191
719 9.38 557.531 1.27279
720 9.4 560.652 1.27368
721 9.42 563.785 1.27456
722 9.44 566.93 1.27544
723 9.46 570.087 1.27632
724 9.48 573.256 1.2772
725 9.5 576.438 1.27808
726 9.52 579.631 1.27896
727 9.54 582.837 1.27984
728 9.56 586.055 1.28072
729 9.58 589.285 1.2816
730 9.6 592.528 1.28248
731 9.62 595.783 1.28335
732 9.64 599.05 1.28423
733 9.66 602.33 1.28511
734 9.68 605.622 1.28598
735 9.7 608.927 1.28686
736 9.72 612.243 1.28773
737 9.74 615.573 1.2886
738 9.76 618.915 1.28948
739 9.78 622.269 1.29035
740 9.8 625.636 1.29122
741 9.82 629.015 1.29209
742 9.84 632.408 1.29296
743 9.86 635.812 1.29383
744 9.88 639.23 1.2947
745 9.9 642.659 1.29557
746 9.92 646.102 1.29644
747 9.94 649.557 1.2973
748 9.96 653.026 1.29817
749 9.98 656.506 1.29904
750 10 660 1.2999
751 10.02 663.506 1.30077
752 10.04 667.026 1.30163
753 10.06 670.558 1.3025
754 10.08 674.103 1.30336
755 10.1 677.66 1.30422
756 10.12 681.231 1.30509
757 10.14 684.815 1.30595
758 10.16 688.412 1.30681
759 10.18 692.021 1.30767
760 10.2 695.644 1.30853
761 10.22 699.28 1.30939
762 10.24 702.929 1.31025
763 10.26 706.59 1.31111
764 10.28 710.265 1.31196
765 10.3 713.954 1.31282
766 10.32 717.655 1.31368
767 10.34 721.369 1.31453
768 10.36 725.097 1.31539
769 10.38 728.838 1.31624
770 10.4 732.592 1.3171
771 10.42 736.359 1.31795
772 10.44 740.14 1.31881
773 10.46 743.934 1.31966
774 10.48 747.742 1.32051
775 10.5 751.562 1.32136
776 10.52 755.397 1.32221
777 10.54 759.244 1.32306
778 10.56 763.105 1.32391
779 10.58 766.98 1.32476
780 10.6 770.868 1.32561
781 10.62 774.77 1.32646
782 10.64 778.685 1.32731
783 10.66 782.613 1.32816
784 10.68 786.556 1.329
785 10.7 790.512 1.32985
786 10.72 794.481 1.3307
787 10.74 798.464 1.33154
788 10.76 802.461 1.33239
789 10.78 806.472 1.33323
790 10.8 810.496 1.33407
791 10.82 814.534 1.33492
792 10.84 818.586 1.33576
793 10.86 822.652 1.3366
794 10.88 826.731 1.33744
795 10.9 830.825 1.33828
796 10.92 834.932 1.33912
797 10.94 839.053 1.33996
798 10.96 843.188 1.3408
799 10.98 847.337 1.34164
800 11 851.5 1.34248
801 11.02 855.677 1.34332
802 11.04 859.868 1.34415
803 11.06 864.073 1.34499
804 11.08 868.292 1.34583
805 11.1 872.526 1.34666
806 11.12 876.773 1.3475
807 11.14 881.034 1.34833
808 11.16 885.31 1.34917
809 11.18 889.6 1.35
810 11.2 893.904 1.35083
811 11.22 898.222 1.35167
812 11.24 902.555 1.3525
813 11.26 906.902 1.35333
814 11.28 911.263 1.35416
815 11.3 915.639 1.35499
816 11.32 920.028 1.35582
817 11.34 924.433 1.35665
818 11.36 928.851 1.35748
819 11.38 933.284 1.35831
820 11.4 937.732 1.35914
821 11.42 942.194 1.35996
822 11.44 946.671 1.36079
823 11.46 951.162 1.36162
824 11.48 955.667 1.36244
825 11.5 960.188 1.36327
826 11.52 964.722 1.36409
827 11.54 969.272 1.36492
828 11.56 973.836 1.36574
829 11.58 978.415 1.36657
830 11.6 983.008 1.36739
831 11.62 987.616 1.36821
832 11.64 992.239 1.36903
833 11.66 996.877 1.36985
834 11.68 1001.53 1.37068
835 11.7 1006.2 1.3715
836 11.72 1010.88 1.37232
837 11.74 1015.58 1.37314
838 11.76 1020.29 1.37395
839 11.78 1025.01 1.37477
840 11.8 1029.76 1.37559
841 11.82 1034.51 1.37641
842 11.84 1039.28 1.37723
843 11.86 1044.07 1.37804
844 11.88 1048.87 1.37886
845 11.9 1053.69 1.37967
846 11.92 1058.52 1.38049
847 11.94 1063.37 1.3813
848 11.96 1068.23 1.38212
849 11.98 1073.11 1.38293
850 12 1078 1.38374
851 12.02 1082.91 1.38456
852 12.04 1087.83 1.38537
853 12.06 1092.77 1.38618
854 12.08 1097.72 1.38699
855 12.1 1102.69 1.3878
856 12.12 1107.67 1.38861
857 12.14 1112.67 1.38942
858 12.16 1117.69 1.39023
859 12.18 1122.72 1.39104
860 12.2 1127.76 1.39185
861 12.22 1132.82 1.39266
862 12.24 1137.9 1.39347
863 12.26 1142.99 1.39427
864 12.28 1148.1 1.39508
865 12.3 1153.22 1.39589
866 12.32 1158.36 1.39669
867 12.34 1163.52 1.3975
868 12.36 1168.69 1.3983
869 12.38 1173.87 1.39911
870 12.4 1179.07 1.39991
871 12.42 1184.29 1.40071
872 12.44 1189.52 1.40152
873 12.46 1194.77 1.40232
874 12.48 1200.03 1.40312
875 12.5 1205.31 1.40392
876 12.52 1210.61 1.40472
877 12.54 1215.92 1.40552
878 12.56 1221.25 1.40632
879 12.58 1226.59 1.40712
880 12.6 1231.95 1.40792
881 12.62 1237.32 1.40872
882 12.64 1242.71 1.40952
883 12.66 1248.12 1.41032
884 12.68 1253.54 1.41112
885 12.7 1258.98 1.41191
886 12.72 1264.44 1.41271
887 12.74 1269.91 1.41351
888 12.76 1275.39 1.4143
889 12.78 1280.9 1.4151
890 12.8 1286.42 1.41589
891 12.82 1291.95 1.41669
892 12.84 1297.5 1.41748
893 12.86 1303.07 1.41827
894 12.88 1308.65 1.41907
895 12.9 1314.25 1.41986
896 12.92 1319.87 1.42065
897 12.94 1325.5 1.42144
898 12.96 1331.15 1.42223
899 12.98 1336.82 1.42302
900 13 1342.5 1.42382
901 13.02 1348.2 1.42461
902 13.04 1353.91 1.42539
903 13.06 1359.64 1.42618
904 13.08 1365.39 1.42697
905 13.1 1371.16 1.42776
906 13.12 1376.94 1.42855
907 13.14 1382.73 1.42934
908 13.16 1388.55 1.43012
909 13.18 1394.38 1.43091
910 13.2 1400.22 1.43169
911 13.22 1406.09 1.43248
912 13.24 1411.97 1.43327
913 13.26 1417.86 1.43405
914 13.28 1423.78 1.43483
915 13.3 1429.71 1.43562
916 13.32 1435.66 1.4364
917 13.34 1441.62 1.43718
918 13.36 1447.6 1.43797
919 13.38 1453.6 1.43875
920 13.4 1459.61 1.43953
921 13.42 1465.64 1.44031
922 13.44 1471.69 1.44109
923 13.46 1477.76 1.44187
924 13.48 1483.84 1.44265
925 13.5 1489.94 1.44343
926 13.52 1496.05 1.44421
927 13.54 1502.19 1.44499
928 13.56 1508.34 1.44577
929 13.58 1514.5 1.44655
930 13.6 1520.69 1.44733
931 13.62 1526.89 1.4481
932 13.64 1533.11 1.44888
933 13.66 1539.34 1.44966
934 13.68 1545.6 1.45043
935 13.7 1551.87 1.45121
936 13.72 1558.15 1.45198
937 13.74 1564.46 1.45276
938 13.76 1570.78 1.45353
939 13.78 1577.12 1.4543
940 13.8 1583.48 1.45508
941 13.82 1589.85 1.45585
942 13.84 1596.24 1.45662
943 13.86 1602.65 1.45739
944 13.88 1609.08 1.45817
945 13.9 1615.52 1.45894
946 13.92 1621.98 1.45971
947 13.94 1628.46 1.46048
948 13.96 1634.96 1.46125
949 13.98 1641.47 1.46202
950 14 1648 1.46279
951 14.02 1654.55 1.46356
952 14.04 1661.12 1.46433
953 14.06 1667.7 1.46509
954 14.08 1674.3 1.46586
955 14.1 1680.92 1.46663
956 14.12 1687.56 1.4674
957 14.14 1694.21 1.46816
958 14.16 1700.89 1.46893
959 14.18 1707.58 1.46969
960 14.2 1714.28 1.47046
961 14.22 1721.01 1.47122
962 14.24 1727.75 1.47199
963 14.26 1734.52 1.47275
964 14.28 1741.3 1.47352
965 14.3 1748.09 1.47428
966 14.32 1754.91 1.47504
967 14.34 1761.74 1.4758
968 14.36 1768.59 1.47657
969 14.38 1775.46 1.47733
970 14.4 1782.35 1.47809
971 14.42 1789.26 1.47885
972 14.44 1796.18 1.47961
973 14.46 1803.12 1.48037
974 14.48 1810.08 1.48113
975 14.5 1817.06 1.48189
976 14.52 1824.06 1.48265
977 14.54 1831.07 1.48341
978 14.56 1838.11 1.48417
979 14.58 1845.16 1.48492
980 14.6 1852.23 1.48568
981 14.62 1859.32 1.48644
982 14.64 1866.42 1.4872
983 14.66 1873.55 1.48795
984 14.68 1880.69 1.48871
985 14.7 1887.85 1.48946
986 14.72 1895.03 1.49022
987 14.74 1902.23 1.49097
988 14.76 1909.45 1.49173
989 14.78 1916.68 1.49248
990 14.8 1923.94 1.49323
991 14.82 1931.21 1.49399
992 14.84 1938.5 1.49474
993 14.86 1945.81 1.49549
994 14.88 1953.14 1.49625
995 14.9 1960.48 1.497
996 14.92 1967.85 1.49775
997 14.94 1975.23 1.4985
998 14.96 1982.64 1.49925
999 14.98 1990.06 1.5




Set 4
0 -5 -52.5 0.00474342
1 -4.98 -51.8526 0.0067082
2 -4.96 -51.2104 0.00821584
3 -4.94 -50.5733 0.00948683
4 -4.92 -49.9413 0.0106066
5 -4.9 -49.3145 0.011619
6 -4.88 -48.6927 0.0125499
7 -4.86 -48.076 0.0134164
8 -4.84 -47.4644 0.0142302
9 -4.82 -46.8577 0.015
10 -4.8 -46.256 0.0157321
11 -4.78 -45.6593 0.0164317
12 -4.76 -45.0675 0.0171026
13 -4.74 -44.4806 0.0177482
14 -4.72 -43.8986 0.0183712
15 -4.7 -43.3215 0.0189737
16 -4.68 -42.7492 0.0195576
17 -4.66 -42.1817 0.0201246
18 -4.64 -41.6191 0.0206761
19 -4.62 -41.0612 0.0212132
20 -4.6 -40.508 0.0217371
21 -4.58 -39.9596 0.0222486
22 -4.56 -39.4158 0.0227486
23 -4.54 -38.8767 0.0232379
24 -4.52 -38.3423 0.0237171
25 -4.5 -37.8125 0.0241868
26 -4.48 -37.2873 0.0246475
27 -4.46 -36.7667 0.0250998
28 -4.44 -36.2506 0.0255441
29 -4.42 -35.739 0.0259808
30 -4.4 -35.232 0.0264102
31 -4.38 -34.7294 0.0268328
32 -4.36 -34.2313 0.0272489
33 -4.34 -33.7377 0.0276586
34 -4.32 -33.2484 0.0280624
35 -4.3 -32.7635 0.0284605
36 -4.28 -32.283 0.0288531
37 -4.26 -31.8068 0.0292404
38 -4.24 -31.3349 0.0296226
39 -4.22 -30.8673 0.03
40 -4.2 -30.404 0.0303727
41 -4.18 -29.9449 0.0307409
42 -4.16 -29.49 0.0311047
43 -4.14 -29.0394 0.0314643
44 -4.12 -28.5929 0.0318198
45 -4.1 -28.1505 0.0321714
46 -4.08 -27.7123 0.0325192
47 -4.06 -27.2781 0.0328634
48 -4.04 -26.848 0.0332039
49 -4.02 -26.422 0.033541
50 -4 -26 0.0338748
51 -3.98 -25.582 0.0342053
52 -3.96 -25.168 0.0345326
53 -3.94 -24.7579 0.0348569
54 -3.92 -24.3517 0.0351781
55 -3.9 -23.9495 0.0354965
56 -3.88 -23.5511 0.035812
57 -3.86 -23.1566 0.0361248
58 -3.84 -22.766 0.0364349
59 -3.82 -22.3791 0.0367423
60 -3.8 -21.996 0.0370473
61 -3.78 -21.6167 0.0373497
62 -3.76 -21.2411 0.0376497
63 -3.74 -20.8692 0.0379473
64 -3.72 -20.501 0.0382426
65 -3.7 -20.1365 0.0385357
66 -3.68 -19.7756 0.0388265
67 -3.66 -19.4183 0.0391152
68 -3.64 -19.0647 0.0394018
69 -3.62 -18.7146 0.0396863
70 -3.6 -18.368 0.0399687
71 -3.58 -18.025 0.0402492
72 -3.56 -17.6854 0.0405278
73 -3.54 -17.3493 0.0408044
74 -3.52 -17.0167 0.0410792
75 -3.5 -16.6875 0.0413521
76 -3.48 -16.3617 0.0416233
77 -3.46 -16.0393 0.0418927
78 -3.44 -15.7202 0.0421604
79 -3.42 -15.4044 0.0424264
80 -3.4 -15.092 0.0426907
81 -3.38 -14.7828 0.0429535
82 -3.36 -14.4769 0.0432146
83 -3.34 -14.1743 0.0434741
84 -3.32 -13.8748 0.0437321
85 -3.3 -13.5785 0.0439886
86 -3.28 -13.2854 0.0442436
87 -3.26 -12.9954 0.0444972
88 -3.24 -12.7085 0.0447493
89 -3.22 -12.4247 0.045
90 -3.2 -12.144 0.0452493
91 -3.18 -11.8663 0.0454973
92 -3.16 -11.5916 0.0457439
93 -3.14 -11.32 0.0459891
94 -3.12 -11.0513 0.0462331
95 -3.1 -10.7855 0.0464758
96 -3.08 -10.5227 0.0467172
97 -3.06 -10.2627 0.0469574
98 -3.04 -10.0056 0.0471964
99 -3.02 -9.7514 0.0474342
100 -3 -9.5 0.0476707
101 -2.98 -9.2514 0.0479062
102 -2.96 -9.00557 0.0481404
103 -2.94 -8.76249 0.0483735
104 -2.92 -8.52214 0.0486056
105 -2.9 -8.2845 0.0488365
106 -2.88 -8.04954 0.0490663
107 -2.86 -7.81723 0.049295
108 -2.84 -7.58755 0.0495227
109 -2.82 -7.36048 0.0497494
110 -2.8 -7.136 0.049975
111 -2.78 -6.91408 0.0501996
112 -2.76 -6.69469 0.0504232
113 -2.74 -6.47781 0.0506458
114 -2.72 -6.26342 0.0508675
115 -2.7 -6.0515 0.0510882
116 -2.68 -5.84202 0.0513079
117 -2.66 -5.63495 0.0515267
118 -2.64 -5.43027 0.0517446
119 -2.62 -5.22796 0.0519615
120 -2.6 -5.028 0.0521776
121 -2.58 -4.83036 0.0523927
122 -2.56 -4.63501 0.052607
123 -2.54 -4.44193 0.0528205
124 -2.52 -4.2511 0.053033
125 -2.5 -4.0625 0.0532447
126 -2.48 -3.8761 0.0534556
127 -2.46 -3.69187 0.0536656
128 -2.44 -3.50979 0.0538749
129 -2.42 -3.32984 0.0540833
130 -2.4 -3.152 0.0542909
131 -2.38 -2.97624 0.0544977
132 -2.36 -2.80253 0.0547037
133 -2.34 -2.63085 0.054909
134 -2.32 -2.46118 0.0551135
135 -2.3 -2.2935 0.0553173
136 -2.28 -2.12778 0.0555203
137 -2.26 -1.96399 0.0557225
138 -2.24 -1.80211 0.0559241
139 -2.22 -1.64212 0.0561249
140 -2.2 -1.484 0.056325
141 -2.18 -1.32772 0.0565243
142 -2.16 -1.17325 0.056723
143 -2.14 -1.02057 0.056921
144 -2.12 -0.869664 0.0571183
145 -2.1 -0.7205 0.0573149
146 -2.08 -0.573056 0.0575109
147 -2.06 -0.427308 0.0577062
148 -2.04 -0.283232 0.0579008
149 -2.02 -0.140804 0.0580948
150 -2 0 0.0582881
151 -1.98 0.139204 0.0584808
152 -1.96 0.276832 0.0586728
153 -1.94 0.412908 0.0588643
154 -1.92 0.547456 0.0590551
155 -1.9 0.6805 0.0592453
156 -1.88 0.812064 0.0594348
157 -1.86 0.942172 0.0596238
158 -1.84 1.07085 0.0598122
159 -1.82 1.19812 0.06
160 -1.8 1.324 0.0601872
161 -1.78 1.44852 0.0603738
162 -1.76 1.57171 0.0605599
163 -1.74 1.69359 0.0607454
164 -1.72 1.81418 0.0609303
165 -1.7 1.9335 0.0611146
166 -1.68 2.05158 0.0612985
167 -1.66 2.16845 0.0614817
168 -1.64 2.28413 0.0616644
169 -1.62 2.39864 0.0618466
170 -1.6 2.512 0.0620282
171 -1.58 2.62424 0.0622093
172 -1.56 2.73539 0.0623899
173 -1.54 2.84547 0.06257
174 -1.52 2.9545 0.0627495
175 -1.5 3.0625 0.0629285
176 -1.48 3.1695 0.0631071
177 -1.46 3.27553 0.0632851
178 -1.44 3.38061 0.0634626
179 -1.42 3.48476 0.0636396
180 -1.4 3.588 0.0638161
181 -1.38 3.69036 0.0639922
182 -1.36 3.79187 0.0641677
183 -1.34 3.89255 0.0643428
184 -1.32 3.99242 0.0645174
185 -1.3 4.0915 0.0646916
186 -1.28 4.18982 0.0648652
187 -1.26 4.28741 0.0650385
188 -1.24 4.38429 0.0652112
189 -1.22 4.48048 0.0653835
190 -1.2 4.576 0.0655553
191 -1.18 4.67088 0.0657267
192 -1.16 4.76515 0.0658976
193 -1.14 4.85883 0.0660681
194 -1.12 4.95194 0.0662382
195 -1.1 5.0445 0.0664078
196 -1.08 5.13654 0.066577
197 -1.06 5.22809 0.0667458
198 -1.04 5.31917 0.0669141
199 -1.02 5.4098 0.067082
200 -1 5.5 0.0672495
201 -0.98 5.5898 0.0674166
202 -0.96 5.67923 0.0675833
203 -0.94 5.76831 0.0677495
204 -0.92 5.85706 0.0679154
205 -0.9 5.9455 0.0680808
206 -0.88 6.03366 0.0682459
207 -0.86 6.12157 0.0684105
208 -0.84 6.20925 0.0685748
209 -0.82 6.29672 0.0687386
210 -0.8 6.384 0.0689021
211 -0.78 6.47112 0.0690652
212 -0.76 6.55811 0.0692279
213 -0.74 6.64499 0.0693902
214 -0.72 6.73178 0.0695521
215 -0.7 6.8185 0.0697137
216 -0.68 6.90518 0.0698749
217 -0.66 6.99185 0.0700357
218 -0.64 7.07853 0.0701962
219 -0.62 7.16524 0.0703562
220 -0.6 7.252 0.070516
221 -0.58 7.33884 0.0706753
222 -0.56 7.42579 0.0708343
223 -0.54 7.51287 0.070993
224 -0.52 7.6001 0.0711512
225 -0.5 7.6875 0.0713092
226 -0.48 7.7751 0.0714668
227 -0.46 7.86293 0.071624
228 -0.44 7.95101 0.0717809
229 -0.42 8.03936 0.0719375
230 -0.4 8.128 0.0720937
231 -0.38 8.21696 0.0722496
232 -0.36 8.30627 0.0724051
233 -0.34 8.39595 0.0725603
234 -0.32 8.48602 0.0727152
235 -0.3 8.5765 0.0728697
236 -0.28 8.66742 0.073024
237 -0.26 8.75881 0.0731779
238 -0.24 8.85069 0.0733314
239 -0.22 8.94308 0.0734847
240 -0.2 9.036 0.0736376
241 -0.18 9.12948 0.0737902
242 -0.16 9.22355 0.0739425
243 -0.14 9.31823 0.0740945
244 -0.12 9.41354 0.0742462
245 -0.1 9.5095 0.0743976
246 -0.08 9.60614 0.0745486
247 -0.06 9.70349 0.0746994
248 -0.04 9.80157 0.0748498
249 -0.02 9.9004 0.075
250 0 10 0.0751499
251 0.02 10.1004 0.0752994
252 0.04 10.2016 0.0754487
253 0.06 10.3037 0.0755976
254 0.08 10.4067 0.0757463
255 0.1 10.5105 0.0758947
256 0.12 10.6153 0.0760428
257 0.14 10.721 0.0761906
258 0.16 10.8276 0.0763381
259 0.18 10.9353 0.0764853
260 0.2 11.044 0.0766322
261 0.22 11.1537 0.0767789
262 0.24 11.2645 0.0769253
263 0.26 11.3764 0.0770714
264 0.28 11.4894 0.0772172
265 0.3 11.6035 0.0773628
266 0.32 11.7188 0.0775081
267 0.34 11.8353 0.0776531
268 0.36 11.9529 0.0777978
269 0.38 12.0718 0.0779423
270 0.4 12.192 0.0780865
271 0.42 12.3134 0.0782304
272 0.44 12.4362 0.0783741
273 0.46 12.5603 0.0785175
274 0.48 12.6857 0.0786607
275 0.5 12.8125 0.0788036
276 0.52 12.9407 0.0789462
277 0.54 13.0703 0.0790886
278 0.56 13.2014 0.0792307
279 0.58 13.334 0.0793725
280 0.6 13.468 0.0795141
281 0.62 13.6036 0.0796555
282 0.64 13.7407 0.0797966
283 0.66 13.8793 0.0799375
284 0.68 14.0196 0.0800781
285 0.7 14.1615 0.0802185
286 0.72 14.305 0.0803586
287 0.74 14.4502 0.0804984
288 0.76 14.5971 0.0806381
289 0.78 14.7457 0.0807775
290 0.8 14.896 0.0809166
291 0.82 15.0481 0.0810555
292 0.84 15.202 0.0811942
293 0.86 15.3576 0.0813327
294 0.88 15.5151 0.0814709
295 0.9 15.6745 0.0816088
296 0.92 15.8357 0.0817466
297 0.94 15.9989 0.0818841
298 0.96 16.164 0.0820213
299 0.98 16.331 0.0821584
300 1 16.5 0.0822952
301 1.02 16.671 0.0824318
302 1.04 16.844 0.0825682
303 1.06 17.0191 0.0827043
304 1.08 17.1963 0.0828402
305 1.1 17.3755 0.0829759
306 1.12 17.5569 0.0831114
307 1.14 17.7404 0.0832466
308 1.16 17.926 0.0833817
309 1.18 18.1139 0.0835165
310 1.2 18.304 0.0836511
311 1.22 18.4963 0.0837854
312 1.24 18.6909 0.0839196
313 1.26 18.8878 0.0840536
314 1.28 19.087 0.0841873
315 1.3 19.2885 0.0843208
316 1.32 19.4924 0.0844541
317 1.34 19.6987 0.0845872
318 1.36 19.9073 0.0847201
319 1.38 20.1184 0.0848528
320 1.4 20.332 0.0849853
321 1.42 20.548 0.0851176
322 1.44 20.7666 0.0852496
323 1.46 20.9877 0.0853815
324 1.48 21.2113 0.0855132
325 1.5 21.4375 0.0856446
326 1.52 21.6663 0.0857759
327 1.54 21.8977 0.0859069
328 1.56 22.1318 0.0860378
329 1.58 22.3686 0.0861684
330 1.6 22.608 0.0862989
331 1.62 22.8502 0.0864292
332 1.64 23.0951 0.0865592
333 1.66 23.3427 0.0866891
334 1.68 23.5932 0.0868188
335 1.7 23.8465 0.0869483
336 1.72 24.1026 0.0870776
337 1.74 24.3616 0.0872067
338 1.76 24.6235 0.0873356
339 1.78 24.8883 0.0874643
340 1.8 25.156 0.0875928
341 1.82 25.4267 0.0877211
342 1.84 25.7004 0.0878493
343 1.86 25.977 0.0879773
344 1.88 26.2567 0.0881051
345 1.9 26.5395 0.0882326
346 1.92 26.8253 0.0883601
347 1.94 27.1143 0.0884873
348 1.96 27.4064 0.0886143
349 1.98 27.7016 0.0887412
350 2 28 0.0888679
351 2.02 28.3016 0.0889944
352 2.04 28.6064 0.0891207
353 2.06 28.9145 0.0892468
354 2.08 29.2259 0.0893728
355 2.1 29.5405 0.0894986
356 2.12 29.8585 0.0896242
357 2.14 30.1798 0.0897497
358 2.16 30.5044 0.0898749
359 2.18 30.8325 0.09
360 2.2 31.164 0.0901249
361 2.22 31.4989 0.0902497
362 2.24 31.8373 0.0903742
363 2.26 32.1792 0.0904986
364 2.28 32.5246 0.0906228
365 2.3 32.8735 0.0907469
366 2.32 33.226 0.0908708
367 2.34 33.5821 0.0909945
368 2.36 33.9417 0.0911181
369 2.38 34.305 0.0912414
370 2.4 34.672 0.0913647
371 2.42 35.0426 0.0914877
372 2.44 35.417 0.0916106
373 2.46 35.7951 0.0917333
374 2.48 36.1769 0.0918559
375 2.5 36.5625 0.0919783
376 2.52 36.9519 0.0921005
377 2.54 37.3451 0.0922226
378 2.56 37.7422 0.0923445
379 2.58 38.1432 0.0924662
380 2.6 38.548 0.0925878
381 2.62 38.9568 0.0927092
382 2.64 39.3695 0.0928305
383 2.66 39.7861 0.0929516
384 2.68 40.2068 0.0930726
385 2.7 40.6315 0.0931933
386 2.72 41.0602 0.093314
387 2.74 41.493 0.0934345
388 2.76 41.9299 0.0935548
389 2.78 42.3709 0.093675
390 2.8 42.816 0.093795
391 2.82 43.2653 0.0939149
392 2.84 43.7188 0.0940346
393 2.86 44.1764 0.0941541
394 2.88 44.6383 0.0942735
395 2.9 45.1045 0.0943928
396 2.92 45.5749 0.0945119
397 2.94 46.0497 0.0946309
398 2.96 46.5288 0.0947497
399 2.98 47.0122 0.0948683
400 3 47.5 0.0949868
401 3.02 47.9922 0.0951052
402 3.04 48.4888 0.0952234
403 3.06 48.9899 0.0953415
404 3.08 49.4955 0.0954594
405 3.1 50.0055 0.0955772
406 3.12 50.5201 0.0956948
407 3.14 51.0392 0.0958123
408 3.16 51.5628 0.0959297
409 3.18 52.0911 0.0960469
410 3.2 52.624 0.0961639
411 3.22 53.1615 0.0962808
412 3.24 53.7037 0.0963976
413 3.26 54.2506 0.0965142
414 3.28 54.8022 0.0966307
415 3.3 55.3585 0.0967471
416 3.32 55.9196 0.0968633
417 3.34 56.4855 0.0969794
418 3.36 57.0561 0.0970953
419 3.38 57.6316 0.0972111
420 3.4 58.212 0.0973268
421 3.42 58.7972 0.0974423
422 3.44 59.3874 0.0975577
423 3.46 59.9825 0.0976729
424 3.48 60.5825 0.097788
425 3.5 61.1875 0.097903
426 3.52 61.7975 0.0980179
427 3.54 62.4125 0.0981326
428 3.56 63.0326 0.0982471
429 3.58 63.6578 0.0983616
430 3.6 64.288 0.0984759
431 3.62 64.9234 0.0985901
432 3.64 65.5639 0.0987041
433 3.66 66.2095 0.098818
434 3.68 66.8604 0.0989318
435 3.7 67.5165 0.0990454
436 3.72 68.1778 0.099159
437 3.74 68.8444 0.0992724
438 3.76 69.5163 0.0993856
439 3.78 70.1935 0.0994987
440 3.8 70.876 0.0996117
441 3.82 71.5639 0.0997246
442 3.84 72.2572 0.0998374
443 3.86 72.9558 0.09995
444 3.88 73.6599 0.100062
445 3.9 74.3695 0.100175
446 3.92 75.0845 0.100287
447 3.94 75.8051 0.100399
448 3.96 76.5312 0.100511
449 3.98 77.2628 0.100623
450 4 78 0.100735
451 4.02 78.7428 0.100846
452 4.04 79.4912 0.100958
453 4.06 80.2453 0.101069
454 4.08 81.0051 0.101181
455 4.1 81.7705 0.101292
456 4.12 82.5417 0.101403
457 4.14 83.3186 0.101514
458 4.16 84.1012 0.101624
459 4.18 84.8897 0.101735
460 4.2 85.684 0.101845
461 4.22 86.4841 0.101956
462 4.24 87.2901 0.102066
463 4.26 88.102 0.102176
464 4.28 88.9198 0.102286
465 4.3 89.7435 0.102396
466 4.32 90.5732 0.102506
467 4.34 91.4089 0.102616
468 4.36 92.2505 0.102725
469 4.38 93.0982 0.102835
470 4.4 93.952 0.102944
471 4.42 94.8118 0.103053
472 4.44 95.6778 0.103162
473 4.46 96.5499 0.103271
474 4.48 97.4281 0.10338
475 4.5 98.3125 0.103489
476 4.52 99.2031 0.103598
477 4.54 100.1 0.103706
478 4.56 101.003 0.103815
479 4.58 101.912 0.103923
480 4.6 102.828 0.104031
481 4.62 103.75 0.104139
482 4.64 104.678 0.104247
483 4.66 105.613 0.104355
484 4.68 106.554 0.104463
485 4.7 107.502 0.104571
486 4.72 108.455 0.104678
487 4.74 109.416 0.104785
488 4.76 110.383 0.104893
489 4.78 111.356 0.105
490 4.8 112.336 0.105107
491 4.82 113.322 0.105214
492 4.84 114.316 0.105321
493 4.86 115.315 0.105428
494 4.88 116.322 0.105534
495 4.9 117.335 0.105641
496 4.92 118.354 0.105747
497 4.94 119.38 0.105854
498 4.96 120.414 0.10596
499 4.98 121.453 0.106066
500 5 122.5 0.106172
501 5.02 123.553 0.106278
502 5.04 124.614 0.106384
503 5.06 125.681 0.106489
504 5.08 126.755 0.106595
505 5.1 127.835 0.106701
506 5.12 128.923 0.106806
507 5.14 130.018 0.106911
508 5.16 131.12 0.107016
509 5.18 132.228 0.107121
510 5.2 133.344 0.107226
511 5.22 134.467 0.107331
512 5.24 135.597 0.107436
513 5.26 136.733 0.107541
514 5.28 137.877 0.107645
515 5.3 139.029 0.10775
516 5.32 140.187 0.107854
517 5.34 141.352 0.107958
518 5.36 142.525 0.108062
519 5.38 143.705 0.108167
520 5.4 144.892 0.10827
521 5.42 146.086 0.108374
522 5.44 147.288 0.108478
523 5.46 148.497 0.108582
524 5.48 149.714 0.108685
525 5.5 150.938 0.108789
526 5.52 152.169 0.108892
527 5.54 153.407 0.108995
528 5.56 154.653 0.109099
529 5.58 155.907 0.109202
530 5.6 157.168 0.109305
531 5.62 158.437 0.109407
532 5.64 159.713 0.10951
533 5.66 160.996 0.109613
534 5.68 162.288 0.109716
535 5.7 163.587 0.109818
536 5.72 164.893 0.10992
537 5.74 166.207 0.110023
538 5.76 167.529 0.110125
539 5.78 168.859 0.110227
540 5.8 170.196 0.110329
541 5.82 171.541 0.110431
542 5.84 172.894 0.110533
543 5.86 174.255 0.110635
544 5.88 175.623 0.110736
545 5.9 177 0.110838
546 5.92 178.384 0.110939
547 5.94 179.776 0.111041
548 5.96 181.176 0.111142
549 5.98 182.584 0.111243
550 6 184 0.111344
551 6.02 185.424 0.111445
552 6.04 186.856 0.111546
553 6.06 188.296 0.111647
554 6.08 189.744 0.111747
555 6.1 191.2 0.111848
556 6.12 192.665 0.111949
557 6.14 194.137 0.112049
558 6.16 195.618 0.112149
559 6.18 197.107 0.11225
560 6.2 198.604 0.11235
561 6.22 200.109 0.11245
562 6.24 201.623 0.11255
563 6.26 203.145 0.11265
564 6.28 204.675 0.11275
565 6.3 206.214 0.112849
566 6.32 207.76 0.112949
567 6.34 209.316 0.113049
568 6.36 210.879 0.113148
569 6.38 212.451 0.113248
570 6.4 214.032 0.113347
571 6.42 215.621 0.113446
572 6.44 217.219 0.113545
573 6.46 218.825 0.113644
574 6.48 220.439 0.113743
575 6.5 222.062 0.113842
576 6.52 223.694 0.113941
577 6.54 225.335 0.114039
578 6.56 226.984 0.114138
579 6.58 228.642 0.114237
580 6.6 230.308 0.114335
581 6.62 231.983 0.114433
582 6.64 233.667 0.114532
583 6.66 235.36 0.11463
584 6.68 237.061 0.114728
585 6.7 238.772 0.114826
586 6.72 240.491 0.114924
587 6.74 242.219 0.115022
588 6.76 243.955 0.11512
589 6.78 245.701 0.115217
590 6.8 247.456 0.115315
591 6.82 249.22 0.115412
592 6.84 250.992 0.11551
593 6.86 252.774 0.115607
594 6.88 254.565 0.115704
595 6.9 256.365 0.115802
596 6.92 258.173 0.115899
597 6.94 259.991 0.115996
598 6.96 261.818 0.116093
599 6.98 263.655 0.11619
600 7 265.5 0.116286
601 7.02 267.355 0.116383
602 7.04 269.218 0.11648
603 7.06 271.092 0.116576
604 7.08 272.974 0.116673
605 7.1 274.865 0.116769
606 7.12 276.766 0.116865
607 7.14 278.677 0.116962
608 7.16 280.596 0.117058
609 7.18 282.526 0.117154
610 7.2 284.464 0.11725
611 7.22 286.412 0.117346
612 7.24 288.369 0.117441
613 7.26 290.336 0.117537
614 7.28 292.313 0.117633
615 7.3 294.299 0.117729
616 7.32 296.294 0.117824
617 7.34 298.299 0.117919
618 7.36 300.314 0.118015
619 7.38 302.338 0.11811
620 7.4 304.372 0.118205
621 7.42 306.416 0.1183
622 7.44 308.469 0.118396
623 7.46 310.532 0.118491
624 7.48 312.605 0.118585
625 7.5 314.688 0.11868
626 7.52 316.78 0.118775
627 7.54 318.882 0.11887
628 7.56 320.994 0.118964
629 7.58 323.116 0.119059
630 7.6 325.248 0.119153
631 7.62 327.39 0.119248
632 7.64 329.541 0.119342
633 7.66 331.703 0.119436
634 7.68 333.875 0.11953
635 7.7 336.057 0.119624
636 7.72 338.248 0.119718
637 7.74 340.45 0.119812
638 7.76 342.662 0.119906
639 7.78 344.884 0.12
640 7.8 347.116 0.120094
641 7.82 349.358 0.120187
642 7.84 351.611 0.120281
643 7.86 353.873 0.120374
644 7.88 356.146 0.120468
645 7.9 358.43 0.120561
646 7.92 360.723 0.120654
647 7.94 363.027 0.120748
648 7.96 365.341 0.120841
649 7.98 367.665 0.120934
650 8 370 0.121027
651 8.02 372.345 0.12112
652 8.04 374.701 0.121213
653 8.06 377.067 0.121305
654 8.08 379.443 0.121398
655 8.1 381.83 0.121491
656 8.12 384.228 0.121583
657 8.14 386.636 0.121676
658 8.16 389.055 0.121768
659 8.18 391.484 0.121861
660 8.2 393.924 0.121953
661 8.22 396.375 0.122045
662 8.24 398.836 0.122137
663 8.26 401.308 0.122229
664 8.28 403.79 0.122321
665 8.3 406.284 0.122413
666 8.32 408.788 0.122505
667 8.34 411.302 0.122597
668 8.36 413.828 0.122689
669 8.38 416.365 0.12278
670 8.4 418.912 0.122872
671 8.42 421.47 0.122963
672 8.44 424.039 0.123055
673 8.46 426.619 0.123146
674 8.48 429.21 0.123238
675 8.5 431.812 0.123329
676 8.52 434.426 0.12342
677 8.54 437.05 0.123511
678 8.56 439.685 0.123602
679 8.58 442.331 0.123693
680 8.6 444.988 0.123784
681 8.62 447.656 0.123875
682 8.64 450.336 0.123966
683 8.66 453.027 0.124056
684 8.68 455.728 0.124147
685 8.7 458.442 0.124238
686 8.72 461.166 0.124328
687 8.74 463.901 0.124419
688 8.76 466.648 0.124509
689 8.78 469.406 0.124599
690 8.8 472.176 0.12469
691 8.82 474.957 0.12478
692 8.84 477.749 0.12487
693 8.86 480.553 0.12496
694 8.88 483.368 0.12505
695 8.9 486.195 0.12514
696 8.92 489.033 0.12523
697 8.94 491.882 0.12532
698 8.96 494.743 0.125409
699 8.98 497.616 0.125499
700 9 500.5 0.125589
701 9.02 503.396 0.125678
702 9.04 506.303 0.125768
703 9.06 509.222 0.125857
704 9.08 512.153 0.125946
705 9.1 515.095 0.126036
706 9.12 518.05 0.126125
707 9.14 521.016 0.126214
708 9.16 523.993 0.126303
709 9.18 526.983 0.126392
710 9.2 529.984 0.126481
711 9.22 532.997 0.12657
712 9.24 536.022 0.126659
713 9.26 539.059 0.126748
714 9.28 542.108 0.126837
715 9.3 545.169 0.126925
716 9.32 548.241 0.127014
717 9.34 551.326 0.127102
718 9.36 554.423 0.127191
719 9.38 557.531 0.127279
720 9.4 560.652 0.127368
721 9.42 563.785 0.127456
722 9.44 566.93 0.127544
723 9.46 570.087 0.127632
724 9.48 573.256 0.12772
725 9.5 576.438 0.127808
726 9.52 579.631 0.127896
727 9.54 582.837 0.127984
728 9.56 586.055 0.128072
729 9.58 589.285 0.12816
730 9.6 592.528 0.128248
731 9.62 595.783 0.128335
732 9.64 599.05 0.128423
733 9.66 602.33 0.128511
734 9.68 605.622 0.128598
735 9.7 608.927 0.128686
736 9.72 612.243 0.128773
737 9.74 615.573 0.12886
738 9.76 618.915 0.128948
739 9.78 622.269 0.129035
740 9.8 625.636 0.129122
741 9.82 629.015 0.129209
742 9.84 632.408 0.129296
743 9.86 635.812 0.129383
744 9.88 639.23 0.12947
745 9.9 642.659 0.129557
746 9.92 646.102 0.129644
747 9.94 649.557 0.12973
748 9.96 653.026 0.129817
749 9.98 656.506 0.129904
750 10 660 0.12999
751 10.02 663.506 0.130077
752 10.04 667.026 0.130163
753 10.06 670.558 0.13025
754 10.08 674.103 0.130336
755 10.1 677.66 0.130422
756 10.12 681.231 0.130509
757 10.14 684.815 0.130595
758 10.16 688.412 0.130681
759 10.18 692.021 0.130767
760 10.2 695.644 0.130853
761 10.22 699.28 0.130939
762 10.24 702.929 0.131025
763 10.26 706.59 0.131111
764 10.28 710.265 0.131196
765 10.3 713.954 0.131282
766 10.32 717.655 0.131368
767 10.34 721.369 0.131453
768 10.36 725.097 0.131539
769 10.38 728.838 0.131624
770 10.4 732.592 0.13171
771 10.42 736.359 0.131795
772 10.44 740.14 0.131881
773 10.46 743.934 0.131966
774 10.48 747.742 0.132051
775 10.5 751.562 0.132136
776 10.52 755.397 0.132221
777 10.54 759.244 0.132306
778 10.56 763.105 0.132391
779 10.58 766.98 0.132476
780 10.6 770.868 0.132561
781 10.62 774.77 0.132646
782 10.64 778.685 0.132731
783 10.66 782.613 0.132816
784 10.68 786.556 0.1329
785 10.7 790.512 0.132985
786 10.72 794.481 0.13307
787 10.74 798.464 0.133154
788 10.76 802.461 0.133239
789 10.78 806.472 0.133323
790 10.8 810.496 0.133407
791 10.82 814.534 0.133492
792 10.84 818.586 0.133576
793 10.86 822.652 0.13366
794 10.88 826.731 0.133744
795 10.9 830.825 0.133828
796 10.92 834.932 0.133912
797 10.94 839.053 0.133996
798 10.96 843.188 0.13408
799 10.98 847.337 0.134164
800 11 851.5 0.134248
801 11.02 855.677 0.134332
802 11.04 859.868 0.134415
803 11.06 864.073 0.134499
804 11.08 868.292 0.134583
805 11.1 872.526 0.134666
806 11.12 876.773 0.13475
807 11.14 881.034 0.134833
808 11.16 885.31 0.134917
809 11.18 889.6 0.135
810 11.2 893.904 0.135083
811 11.22 898.222 0.135167
812 11.24 902.555 0.13525
813 11.26 906.902 0.135333
814 11.28 911.263 0.135416
815 11.3 915.639 0.135499
816 11.32 920.028 0.135582
817 11.34 924.433 0.135665
818 11.36 928.851 0.135748
819 11.38 933.284 0.135831
820 11.4 937.732 0.135914
821 11.42 942.194 0.135996
822 11.44 946.671 0.136079
823 11.46 951.162 0.136162
824 11.48 955.667 0.136244
825 11.5 960.188 0.136327
826 11.52 964.722 0.136409
827 11.54 969.272 0.136492
828 11.56 973.836 0.136574
829 11.58 978.415 0.136657
830 11.6 983.008 0.136739
831 11.62 987.616 0.136821
832 11.64 992.239 0.136903
833 11.66 996.877 0.136985
834 11.68 1001.53 0.137068
835 11.7 1006.2 0.13715
836 11.72 1010.88 0.137232
837 11.74 1015.58 0.137314
838 11.76 1020.29 0.137395
839 11.78 1025.01 0.137477
840 11.8 1029.76 0.137559
841 11.82 1034.51 0.137641
842 11.84 1039.28 0.137723
843 11.86 1044.07 0.137804
844 11.88 1048.87 0.137886
845 11.9 1053.69 0.137967
846 11.92 1058.52 0.138049
847 11.94 1063.37 0.13813
848 11.96 1068.23 0.138212
849 11.98 1073.11 0.138293
850 12 1078 0.138374
851 12.02 1082.91 0.138456
852 12.04 1087.83 0.138537
853 12.06 1092.77 0.138618
854 12.08 1097.72 0.138699
855 12.1 1102.69 0.13878
856 12.12 1107.67 0.138861
857 12.14 1112.67 0.138942
858 12.16 1117.69 0.139023
859 12.18 1122.72 0.139104
860 12.2 1127.76 0.139185
861 12.22 1132.82 0.139266
862 12.24 1137.9 0.139347
863 12.26 1142.99 0.139427
864 12.28 1148.1 0.139508
865 12.3 1153.22 0.139589
866 12.32 1158.36 0.139669
867 12.34 1163.52 0.13975
868 12.36 1168.69 0.13983
869 12.38 1173.87 0.139911
870 12.4 1179.07 0.139991
871 12.42 1184.29 0.140071
872 12.44 1189.52 0.140152
873 12.46 1194.77 0.140232
874 12.48 1200.03 0.140312
875 12.5 1205.31 0.140392
876 12.52 1210.61 0.140472
877 12.54 1215.92 0.140552
878 12.56 1221.25 0.140632
879 12.58 1226.59 0.140712
880 12.6 1231.95 0.140792
881 12.62 1237.32 0.140872
882 12.64 1242.71 0.140952
883 12.66 1248.12 0.141032
884 12.68 1253.54 0.141112
885 12.7 1258.98 0.141191
886 12.72 1264.44 0.141271
887 12.74 1269.91 0.141351
888 12.76 1275.39 0.14143
889 12.78 1280.9 0.14151
890 12.8 1286.42 0.141589
891 12.82 1291.95 0.141669
892 12.84 1297.5 0.141748
893 12.86 1303.07 0.141827
894 12.88 1308.65 0.141907
895 12.9 1314.25 0.141986
896 12.92 1319.87 0.142065
897 12.94 1325.5 0.142144
898 12.96 1331.15 0.142223
899 12.98 1336.82 0.142302
900 13 1342.5 0.142382
901 13.02 1348.2 0.142461
902 13.04 1353.91 0.142539
903 13.06 1359.64 0.142618
904 13.08 1365.39 0.142697
905 13.1 1371.16 0.142776
906 13.12 1376.94 0.142855
907 13.14 1382.73 0.142934
908 13.16 1388.55 0.143012
909 13.18 1394.38 0.143091
910 13.2 1400.22 0.143169
911 13.22 1406.09 0.143248
912 13.24 1411.97 0.143327
913 13.26 1417.86 0.143405
914 13.28 1423.78 0.143483
915 13.3 1429.71 0.143562
916 13.32 1435.66 0.14364
917 13.34 1441.62 0.143718
918 13.36 1447.6 0.143797
919 13.38 1453.6 0.143875
920 13.4 1459.61 0.143953
921 13.42 1465.64 0.144031
922 13.44 1471.69 0.144109
923 13.46 1477.76 0.144187
924 13.48 1483.84 0.144265
925 13.5 1489.94 0.144343
926 13.52 1496.05 0.144421
927 13.54 1502.19 0.144499
928 13.56 1508.34 0.144577
929 13.58 1514.5 0.144655
930 13.6 1520.69 0.144733
931 13.62 1526.89 0.14481
932 13.64 1533.11 0.144888
933 13.66 1539.34 0.144966
934 13.68 1545.6 0.145043
935 13.7 1551.87 0.145121
936 13.72 1558.15 0.145198
937 13.74 1564.46 0.145276
938 13.76 1570.78 0.145353
939 13.78 1577.12 0.14543
940 13.8 1583.48 0.145508
941 13.82 1589.85 0.145585
942 13.84 1596.24 0.145662
943 13.86 1602.65 0.145739
944 13.88 1609.08 0.145817
945 13.9 1615.52 0.145894
946 13.92 1621.98 0.145971
947 13.94 1628.46 0.146048
948 13.96 1634.96 0.146125
949 13.98 1641.47 0.146202
950 14 1648 0.146279
951 14.02 1654.55 0.146356
952 14.04 1661.12 0.146433
953 14.06 1667.7 0.146509
954 14.08 1674.3 0.146586
955 14.1 1680.92 0.146663
956 14.12 1687.56 0.14674
957 14.14 1694.21 0.146816
958 14.16 1700.89 0.146893
959 14.18 1707.58 0.146969
960 14.2 1714.28 0.147046
961 14.22 1721.01 0.147122
962 14.24 1727.75 0.147199
963 14.26 1734.52 0.147275
964 14.28 1741.3 0.147352
965 14.3 1748.09 0.147428
966 14.32 1754.91 0.147504
967 14.34 1761.74 0.14758
968 14.36 1768.59 0.147657
969 14.38 1775.46 0.147733
970 14.4 1782.35 0.147809
971 14.42 1789.26 0.147885
972 14.44 1796.18 0.147961
973 14.46 1803.12 0.148037
974 14.48 1810.08 0.148113
975 14.5 1817.06 0.148189
976 14.52 1824.06 0.148265
977 14.54 1831.07 0.148341
978 14.56 1838.11 0.148417
979 14.58 1845.16 0.148492
980 14.6 1852.23 0.148568
981 14.62 1859.32 0.148644
982 14.64 1866.42 0.14872
983 14.66 1873.55 0.148795
984 14.68 1880.69 0.148871
985 14.7 1887.85 0.148946
986 14.72 1895.03 0.149022
987 14.74 1902.23 0.149097
988 14.76 1909.45 0.149173
989 14.78 1916.68 0.149248
990 14.8 1923.94 0.149323
991 14.82 1931.21 0.149399
992 14.84 1938.5 0.149474
993 14.86 1945.81 0.149549
994 14.88 1953.14 0.149625
995 14.9 1960.48 0.1497
996 14.92 1967.85 0.149775
997 14.94 1975.23 0.14985
998 14.96 1982.64 0.149925
999 14.98 1990.06 0.15




