Set 1
0 106.545
1 99.3762
2 105.459
3 101.4
4 105.671
5 101.266
6 97.0456
7 101.176
8 101.59
9 99.4962




Set 2
0 108.506
1 96.6247
2 101.305
3 94.3333
4 96.2466
5 94.6085
6 105.387
7 97.8699
8 104.449
9 99.6393
10 111.855
11 95.3759
12 107.377
13 99.279
14 100.876
15 99.0518
16 100.638
17 110.772
18 100.336
19 111.534
20 101.574
21 99.4391
22 109.253
23 102.024
24 109.173
25 107.634
26 100.868
27 100.554
28 100.081
29 100.958
30 95.7485
31 101.612
32 101.66
33 101.194
34 94.9419
35 110.272
36 99.8881
37 100.314
38 95.6489
39 95.5979
40 91.5012
41 108.242
42 103.991
43 103.032
44 102.77
45 96.0883
46 98.5545
47 97.6104
48 88.6493
49 95.4676
50 95.3336
51 100.361
52 110.552
53 99.2056
54 90.3671
55 100.057
56 110.455
57 97.12
58 102.832
59 99.7075
60 97.9723
61 99.6159
62 100.045
63 100.913
64 105.816
65 103.826
66 101.394
67 107.545
68 103.346
69 98.7572
70 106.212
71 108.503
72 106.443
73 97.0768
74 102.939
75 97.7868
76 98.4659
77 95.0573
78 106.482
79 103.065
80 94.1241
81 108.271
82 102.652
83 100.658
84 99.8904
85 103.391
86 99.3024
87 109.087
88 101.342
89 101.96
90 107.117
91 106.153
92 94.5233
93 103.085
94 99.9946
95 98.4899
96 110.804
97 101.72
98 101.086
99 99.1818




Set 3
0 105.741
1 93.1894
2 91.5731
3 103.84
4 91.8976
5 96.4318
6 98.4179
7 100.97
8 98.5702
9 105.843
10 90.4774
11 100.62
12 97.8704
13 99.9955
14 105.598
15 93.7407
16 107.855
17 99.7455
18 107.139
19 103.412
20 101.453
21 97.0084
22 94.4263
23 108.601
24 96.3522
25 100.396
26 92.8102
27 95.371
28 102.529
29 99.3753
30 107.192
31 99.9573
32 99.0976
33 89.0784
34 100.218
35 112.747
36 99.9675
37 100.778
38 106.129
39 100.284
40 97.4003
41 99.9546
42 105.627
43 98.2475
44 101.807
45 104.765
46 99.5028
47 99.7511
48 97.8338
49 105.58
50 99.9006
51 105.555
52 102.743
53 105.658
54 106.245
55 108.101
56 90.2398
57 98.016
58 100.178
59 110.807
60 108.3
61 99.0753
62 94.3404
63 91.7567
64 111.659
65 104.558
66 101.149
67 92.373
68 101.609
69 94.6402
70 97.8116
71 99.7282
72 90.5344
73 108.372
74 98.5415
75 89.3808
76 99.2188
77 103.079
78 100.368
79 98.0823
80 99.7249
81 97.3409
82 93.3563
83 106.638
84 97.7406
85 99.0648
86 98.1783
87 112.674
88 104.152
89 101.828
90 98.2654
91 93.8399
92 92.6853
93 100.319
94 103.917
95 106.549
96 101.38
97 89.5461
98 104.536
99 106.783
100 101.158
101 96.182
102 101.925
103 103.189
104 95.7316
105 98.0748
106 101.866
107 102.659
108 95.3263
109 102.302
110 103.086
111 98.9372
112 106.487
113 107.629
114 103.386
115 96.2164
116 100.484
117 101.64
118 93.5453
119 99.7875
120 102.698
121 102.568
122 111.175
123 102.022
124 103.543
125 108.298
126 105.426
127 97.3514
128 100.568
129 103.033
130 95.7797
131 105.404
132 100.797
133 105.758
134 95.2297
135 112.183
136 107.004
137 102.507
138 105.899
139 106.544
140 105.458
141 96.483
142 109.81
143 112.354
144 104.281
145 107.481
146 97.3348
147 101.579
148 102.739
149 96.8994
150 106.656
151 96.5495
152 104.467
153 101.376
154 107.783
155 107.222
156 91.1214
157 99.2327
158 96.0719
159 103.689
160 99.7515
161 98.3938
162 104.503
163 99.6334
164 103.539
165 102.635
166 108.139
167 107.921
168 104.287
169 101.55
170 108.061
171 103.494
172 101.908
173 100.039
174 101.166
175 105.237
176 99.6266
177 107.672
178 97.7601
179 94.3439
180 101.743
181 102.641
182 102.988
183 97.6934
184 102.465
185 105.772
186 106.584
187 101.3
188 92.5922
189 101.876
190 103.107
191 104.849
192 102.946
193 93.8786
194 99.6153
195 101.732
196 99.6477
197 89.4048
198 113.23
199 104.836
200 95.3379
201 105.851
202 100.298
203 110.248
204 94.1681
205 103.653
206 95.9466
207 112.956
208 106.407
209 108.901
210 104.568
211 108.379
212 93.8881
213 109.027
214 98.0324
215 89.6234
216 103.532
217 103.086
218 99.7741
219 105.52
220 110.383
221 105.156
222 106.702
223 94.5112
224 103.009
225 96.5655
226 90.5135
227 99.9752
228 103.673
229 93.2261
230 107.028
231 94.3765
232 102.05
233 107.62
234 115.088
235 104.703
236 99.8283
237 95.1248
238 110.744
239 99.6338
240 103.893
241 108.663
242 106.685
243 104.13
244 100.093
245 97.37
246 100.159
247 99.1899
248 95.7614
249 103.72
250 101.267
251 101.749
252 103.23
253 104.215
254 101.866
255 113.404
256 93.3933
257 99.8623
258 94.2216
259 106.294
260 101.496
261 101.355
262 104.315
263 95.7438
264 94.2802
265 112.061
266 96.3116
267 101.862
268 107.775
269 88.388
270 108.124
271 102.959
272 105.241
273 102.947
274 86.8347
275 101.937
276 96.4807
277 103.305
278 104.883
279 98.451
280 101.076
281 106.647
282 106.196
283 99.4659
284 93.2886
285 101.582
286 101.64
287 101.155
288 97.6217
289 100.7
290 106.159
291 101.729
292 103.331
293 105.891
294 101.333
295 92.756
296 102.058
297 102.051
298 103.874
299 98.1211
300 97.7128
301 101.364
302 101.314
303 97.1548
304 104.049
305 93.1377
306 97.1063
307 108.662
308 103.899
309 101.146
310 110.101
311 102.921
312 97.697
313 100.616
314 99.1997
315 106.833
316 105.851
317 94.7971
318 106.703
319 97.6314
320 103.336
321 101.149
322 98.4477
323 99.9781
324 98.4175
325 103.207
326 96.2473
327 95.2971
328 107.808
329 107.608
330 107.731
331 99.2754
332 101.838
333 95.6068
334 105.197
335 100.047
336 107.757
337 99.1565
338 100.195
339 100.292
340 101.937
341 110.68
342 113.572
343 104.105
344 108.008
345 112.058
346 97.9349
347 106.861
348 105.71
349 101.827
350 95.5061
351 82.5673
352 96.8097
353 100.314
354 102.09
355 99.6508
356 106.038
357 102.355
358 103.472
359 111.447
360 99.8521
361 102.336
362 99.4757
363 92.4158
364 102.914
365 95.0929
366 99.8903
367 99.8946
368 99.7658
369 109.934
370 98.9739
371 105.767
372 106.399
373 110.75
374 107.837
375 107.08
376 100.523
377 96.1016
378 101.355
379 99.904
380 100.535
381 105.593
382 94.2266
383 105.223
384 103.387
385 99.5814
386 103.821
387 99.3665
388 93.4977
389 111.657
390 99.3603
391 100.599
392 98.6964
393 101.078
394 104.945
395 100.588
396 104.338
397 99.6864
398 94.0309
399 88.2866
400 98.8673
401 97.8369
402 98.887
403 100.979
404 99.1383
405 110.407
406 104.637
407 101.055
408 103.951
409 101.787
410 102.344
411 98.6277
412 97.31
413 103.479
414 90.8422
415 106.529
416 97.7174
417 107.887
418 98.7539
419 107.652
420 102.551
421 112.855
422 97.5943
423 105.7
424 104.65
425 100.369
426 114.469
427 108.314
428 101.499
429 100.415
430 108.352
431 101.417
432 96.0665
433 96.8085
434 98.6306
435 104.558
436 107.512
437 98.4634
438 92.6993
439 103.521
440 98.7187
441 103.572
442 105.277
443 100.534
444 110.129
445 93.4717
446 102.058
447 94.3359
448 90.6682
449 104.143
450 103.914
451 107.527
452 97.2081
453 106.735
454 98.1023
455 97.5394
456 101.924
457 96.1415
458 93.7273
459 102.556
460 90.0324
461 92.3352
462 95.185
463 109.996
464 95.1963
465 105.902
466 102.659
467 106.93
468 110.837
469 111.082
470 99.8868
471 103.615
472 96.6918
473 98.6048
474 106.169
475 102.365
476 101.117
477 97.6847
478 103.414
479 94.7526
480 94.9214
481 102.471
482 109.296
483 99.0754
484 102.351
485 103.746
486 105.16
487 102.859
488 110.186
489 101.242
490 103.238
491 100.813
492 97.765
493 96.7937
494 102.608
495 106.279
496 102.614
497 101.582
498 102.231
499 108.026
500 97.261
501 92.4111
502 102.1
503 100.125
504 105.798
505 96.5579
506 101.373
507 106.587
508 98.3088
509 102.107
510 105.941
511 116.433
512 98.6808
513 92.902
514 99.951
515 100.801
516 96.3397
517 102.418
518 101.045
519 103.732
520 97.0743
521 94.1334
522 107.828
523 95.8342
524 101.478
525 101.213
526 100.243
527 106.196
528 108.508
529 96.5016
530 101.305
531 95.6192
532 105.197
533 101.319
534 110.815
535 100.77
536 106.919
537 101.367
538 101.17
539 118.524
540 109.178
541 100.907
542 96.8922
543 101.37
544 103.683
545 94.7634
546 110.174
547 99.4264
548 105.713
549 91.0539
550 102.807
551 100.687
552 112.215
553 102.53
554 110.578
555 101.175
556 98.8382
557 99.4606
558 107.577
559 104.901
560 104.266
561 112.238
562 106.785
563 95.425
564 103.504
565 105.814
566 104.842
567 106.819
568 99.3557
569 104.866
570 107.504
571 105.647
572 113.11
573 103.996
574 108.151
575 100.88
576 101.975
577 99.346
578 106.01
579 100.754
580 105.27
581 100.791
582 103.864
583 106.082
584 93.6838
585 104.199
586 108.634
587 99.8756
588 109.572
589 95.1744
590 107.19
591 113.118
592 113.506
593 105.426
594 106.644
595 107.578
596 99.2449
597 108.402
598 109.515
599 103.505
600 102.172
601 103.002
602 97.622
603 103.488
604 103.401
605 99.3099
606 114.376
607 108.406
608 97.0079
609 105.995
610 99.7176
611 105.873
612 100.966
613 93.8463
614 99.765
615 99.8028
616 106.652
617 111.74
618 100.005
619 101.466
620 101.182
621 108.56
622 102.468
623 96.5094
624 103.487
625 97.4665
626 109.164
627 90.9639
628 91.6516
629 102.602
630 102.546
631 113.04
632 100.787
633 104.558
634 98.8889
635 97.5141
636 104.588
637 101.913
638 101.986
639 100.067
640 91.8256
641 103.207
642 101.338
643 96.9338
644 100.97
645 98.1789
646 108.067
647 107.345
648 101.186
649 97.3644
650 100.98
651 102.013
652 106.501
653 99.269
654 109.05
655 105.491
656 104.984
657 101.016
658 90.0243
659 107.641
660 103.495
661 93.9705
662 104.316
663 101.896
664 95.4263
665 97.7762
666 101.736
667 107.246
668 98.4401
669 94.4233
670 97.9583
671 96.9411
672 97.6665
673 95.7874
674 107.769
675 105.058
676 99.6338
677 96.9588
678 108.643
679 104.347
680 105.791
681 100.177
682 99.6736
683 98.3991
684 100.051
685 104.141
686 101.722
687 106.066
688 97.9201
689 104.182
690 99.7832
691 102.371
692 101.939
693 96.3257
694 102.907
695 97.9703
696 93.2376
697 107.819
698 97.5601
699 92.1974
700 99.5929
701 107.577
702 97.5509
703 93.0985
704 108.758
705 101.725
706 94.0872
707 107.021
708 99.3367
709 100.56
710 97.2201
711 104.928
712 100.708
713 109.078
714 97.8067
715 108.479
716 98.4282
717 100.925
718 96.8061
719 106.016
720 102.905
721 106.859
722 104.772
723 110.667
724 106.512
725 109.91
726 97.1703
727 104.529
728 95.7125
729 102.835
730 102.511
731 101.391
732 96.6197
733 102.259
734 107.217
735 110.346
736 115.817
737 102.872
738 94.1578
739 101.748
740 96.9288
741 97.6345
742 112.68
743 105.288
744 101.282
745 103.359
746 103.368
747 94.8799
748 103.423
749 106.195
750 95.7726
751 101.803
752 103.896
753 99.9942
754 94.4708
755 110.615
756 106.014
757 100.32
758 101.686
759 100.727
760 98.0894
761 96.6057
762 110.405
763 103.735
764 100.674
765 95.9088
766 114.111
767 106.207
768 91.449
769 100.491
770 103.608
771 105.962
772 107.077
773 116.393
774 97.3086
775 108.61
776 98.9783
777 102.343
778 90.4478
779 98.7303
780 99.4499
781 100.962
782 97.5448
783 90.0727
784 95.9879
785 104.349
786 107.979
787 99.2474
788 104.379
789 106.012
790 101.937
791 104.986
792 100.14
793 91.8174
794 108.36
795 93.4179
796 101.438
797 100.679
798 104.409
799 104.834
800 100.021
801 100.312
802 98.6377
803 103.508
804 110.732
805 97.5323
806 98.8781
807 109.771
808 97.3688
809 99.8702
810 97.8897
811 98.7491
812 95.1477
813 108.64
814 97.9624
815 104.188
816 98.2467
817 105.447
818 104.858
819 109.886
820 96.3989
821 105.586
822 103.468
823 94.459
824 106.226
825 102.113
826 107.568
827 104.75
828 101.122
829 98.7009
830 100.55
831 97.1733
832 102.846
833 94.2283
834 106.598
835 96.2314
836 95.9126
837 97.1909
838 95.6711
839 105.363
840 99.5312
841 99.4451
842 97.2633
843 98.4227
844 98.3972
845 96.6364
846 99.7727
847 102.913
848 108.492
849 103.243
850 104.521
851 97.9729
852 102.552
853 105.7
854 101.915
855 110.979
856 105.196
857 98.2933
858 103.236
859 103.762
860 109.788
861 103.454
862 94.663
863 101.363
864 107.021
865 98.5654
866 100.79
867 98.6235
868 92.1673
869 107.954
870 99.1986
871 92.4649
872 109.195
873 92.5707
874 88.5716
875 95.0603
876 102.45
877 107.392
878 97.1042
879 102.04
880 108.927
881 93.6708
882 104.837
883 107.967
884 101.882
885 98.9632
886 97.4052
887 107.287
888 97.0762
889 105.696
890 107.581
891 99.784
892 110.805
893 97.0217
894 105.929
895 106.068
896 102.292
897 110.138
898 98.9218
899 95.6719
900 100.08
901 107.481
902 99.2423
903 104.852
904 100.61
905 103.984
906 99.018
907 107.687
908 100.237
909 96.4098
910 102.005
911 99.7193
912 97.3284
913 103.044
914 103.483
915 100.678
916 103.961
917 107.195
918 104.968
919 97.0998
920 98.5826
921 98.1625
922 98.915
923 102.486
924 106.314
925 94.358
926 97.262
927 101.462
928 94.8505
929 98.9254
930 99.0168
931 96.3459
932 103.246
933 98.9412
934 101.2
935 106.018
936 107.803
937 104.38
938 100.802
939 100.661
940 101.121
941 109.671
942 104.976
943 106.459
944 101.975
945 108.656
946 102.757
947 97.6377
948 93.5222
949 105.105
950 102.154
951 100.657
952 95.96
953 111.686
954 93.833
955 98.0518
956 100.543
957 105.346
958 101.685
959 102.682
960 96.5912
961 102.527
962 119.497
963 96.9694
964 102.488
965 102.472
966 103.305
967 102.515
968 92.1399
969 104.796
970 99.5347
971 101.772
972 103.695
973 96.6393
974 97.4254
975 103.753
976 100.319
977 100.261
978 108.356
979 94.9644
980 90.5739
981 107.038
982 112.341
983 105.897
984 102.59
985 106.459
986 104.179
987 107.868
988 98.7328
989 101.212
990 106.321
991 99.7818
992 104.311
993 98.0336
994 104.98
995 102.025
996 112.948
997 107.185
998 103.853
999 101.995
